Step,topology,method,lr,clip,momentum,sigma,sigma-cor,epsilon,loss
0,ring,corr,0.01,0.0001,0.0,0.023273880627864334,1e-07,3,0.3691897878282445
5,ring,corr,0.01,0.0001,0.0,0.023273880627864334,1e-07,3,0.3699590351691834
10,ring,corr,0.01,0.0001,0.0,0.023273880627864334,1e-07,3,0.3699919703744511
15,ring,corr,0.01,0.0001,0.0,0.023273880627864334,1e-07,3,0.3702142591503469
20,ring,corr,0.01,0.0001,0.0,0.023273880627864334,1e-07,3,0.370030619076663
25,ring,corr,0.01,0.0001,0.0,0.023273880627864334,1e-07,3,0.3698368792216933
30,ring,corr,0.01,0.0001,0.0,0.023273880627864334,1e-07,3,0.36988951949486204
35,ring,corr,0.01,0.0001,0.0,0.023273880627864334,1e-07,3,0.36954901974711807
40,ring,corr,0.01,0.0001,0.0,0.023273880627864334,1e-07,3,0.3696249396395601
45,ring,corr,0.01,0.0001,0.0,0.023273880627864334,1e-07,3,0.36959042820514965
50,ring,corr,0.01,0.0001,0.0,0.023273880627864334,1e-07,3,0.3692377561164345
55,ring,corr,0.01,0.0001,0.0,0.023273880627864334,1e-07,3,0.36937589494884837
60,ring,corr,0.01,0.0001,0.0,0.023273880627864334,1e-07,3,0.36956817687666976
65,ring,corr,0.01,0.0001,0.0,0.023273880627864334,1e-07,3,0.36944174936786645
70,ring,corr,0.01,0.0001,0.0,0.023273880627864334,1e-07,3,0.36931941997368445
75,ring,corr,0.01,0.0001,0.0,0.023273880627864334,1e-07,3,0.3693754611760296
80,ring,corr,0.01,0.0001,0.0,0.023273880627864334,1e-07,3,0.36927803405935744
85,ring,corr,0.01,0.0001,0.0,0.023273880627864334,1e-07,3,0.369404567889847
90,ring,corr,0.01,0.0001,0.0,0.023273880627864334,1e-07,3,0.36920756678198385
95,ring,corr,0.01,0.0001,0.0,0.023273880627864334,1e-07,3,0.3688828426111448
100,ring,corr,0.01,0.0001,0.0,0.023273880627864334,1e-07,3,0.36950846288230454
105,ring,corr,0.01,0.0001,0.0,0.023273880627864334,1e-07,3,0.36917710287328853
110,ring,corr,0.01,0.0001,0.0,0.023273880627864334,1e-07,3,0.3690336497427721
115,ring,corr,0.01,0.0001,0.0,0.023273880627864334,1e-07,3,0.3690884396823345
120,ring,corr,0.01,0.0001,0.0,0.023273880627864334,1e-07,3,0.36910076725225427
125,ring,corr,0.01,0.0001,0.0,0.023273880627864334,1e-07,3,0.3690224117272587
130,ring,corr,0.01,0.0001,0.0,0.023273880627864334,1e-07,3,0.36910801046584807
135,ring,corr,0.01,0.0001,0.0,0.023273880627864334,1e-07,3,0.36905837738800495
140,ring,corr,0.01,0.0001,0.0,0.023273880627864334,1e-07,3,0.36890513019299576
145,ring,corr,0.01,0.0001,0.0,0.023273880627864334,1e-07,3,0.3687346027058208
150,ring,corr,0.01,0.0001,0.0,0.023273880627864334,1e-07,3,0.368826811709393
155,ring,corr,0.01,0.0001,0.0,0.023273880627864334,1e-07,3,0.3689743039217096
160,ring,corr,0.01,0.0001,0.0,0.023273880627864334,1e-07,3,0.3686748434060495
165,ring,corr,0.01,0.0001,0.0,0.023273880627864334,1e-07,3,0.36884482236950866
170,ring,corr,0.01,0.0001,0.0,0.023273880627864334,1e-07,3,0.36870242331063574
175,ring,corr,0.01,0.0001,0.0,0.023273880627864334,1e-07,3,0.36889977234071836
180,ring,corr,0.01,0.0001,0.0,0.023273880627864334,1e-07,3,0.368917884519528
185,ring,corr,0.01,0.0001,0.0,0.023273880627864334,1e-07,3,0.36888258873726887
190,ring,corr,0.01,0.0001,0.0,0.023273880627864334,1e-07,3,0.36887392701550914
195,ring,corr,0.01,0.0001,0.0,0.023273880627864334,1e-07,3,0.3686038583582416
200,ring,corr,0.01,0.0001,0.0,0.023273880627864334,1e-07,3,0.36865594808828006
205,ring,corr,0.01,0.0001,0.0,0.023273880627864334,1e-07,3,0.36872069755883363
210,ring,corr,0.01,0.0001,0.0,0.023273880627864334,1e-07,3,0.36842550237415583
215,ring,corr,0.01,0.0001,0.0,0.023273880627864334,1e-07,3,0.36836945612297467
220,ring,corr,0.01,0.0001,0.0,0.023273880627864334,1e-07,3,0.36833482862069
225,ring,corr,0.01,0.0001,0.0,0.023273880627864334,1e-07,3,0.3681586982027385
230,ring,corr,0.01,0.0001,0.0,0.023273880627864334,1e-07,3,0.3683052504223454
235,ring,corr,0.01,0.0001,0.0,0.023273880627864334,1e-07,3,0.3684352267090931
240,ring,corr,0.01,0.0001,0.0,0.023273880627864334,1e-07,3,0.36849560524749747
245,ring,corr,0.01,0.0001,0.0,0.023273880627864334,1e-07,3,0.3684573118501646
250,ring,corr,0.01,0.0001,0.0,0.023273880627864334,1e-07,3,0.36853720509689425
255,ring,corr,0.01,0.0001,0.0,0.023273880627864334,1e-07,3,0.3681932303673535
260,ring,corr,0.01,0.0001,0.0,0.023273880627864334,1e-07,3,0.368231092916977
265,ring,corr,0.01,0.0001,0.0,0.023273880627864334,1e-07,3,0.3684966079718338
270,ring,corr,0.01,0.0001,0.0,0.023273880627864334,1e-07,3,0.36827214315518997
275,ring,corr,0.01,0.0001,0.0,0.023273880627864334,1e-07,3,0.36852879300468144
280,ring,corr,0.01,0.0001,0.0,0.023273880627864334,1e-07,3,0.3681784305346223
285,ring,corr,0.01,0.0001,0.0,0.023273880627864334,1e-07,3,0.3688382168510427
290,ring,corr,0.01,0.0001,0.0,0.023273880627864334,1e-07,3,0.3688218771443975
295,ring,corr,0.01,0.0001,0.0,0.023273880627864334,1e-07,3,0.36901513799200447
300,ring,corr,0.01,0.0001,0.0,0.023273880627864334,1e-07,3,0.3689359935573667
305,ring,corr,0.01,0.0001,0.0,0.023273880627864334,1e-07,3,0.36880147164980703
310,ring,corr,0.01,0.0001,0.0,0.023273880627864334,1e-07,3,0.36888292198762873
315,ring,corr,0.01,0.0001,0.0,0.023273880627864334,1e-07,3,0.3688100667068651
320,ring,corr,0.01,0.0001,0.0,0.023273880627864334,1e-07,3,0.3683323189238754
325,ring,corr,0.01,0.0001,0.0,0.023273880627864334,1e-07,3,0.3685586774873443
330,ring,corr,0.01,0.0001,0.0,0.023273880627864334,1e-07,3,0.3686154844764137
335,ring,corr,0.01,0.0001,0.0,0.023273880627864334,1e-07,3,0.3684007160977679
340,ring,corr,0.01,0.0001,0.0,0.023273880627864334,1e-07,3,0.36839111098678046
345,ring,corr,0.01,0.0001,0.0,0.023273880627864334,1e-07,3,0.36858036013915796
350,ring,corr,0.01,0.0001,0.0,0.023273880627864334,1e-07,3,0.3683342281459673
355,ring,corr,0.01,0.0001,0.0,0.023273880627864334,1e-07,3,0.36852431114047013
360,ring,corr,0.01,0.0001,0.0,0.023273880627864334,1e-07,3,0.36859607218458335
365,ring,corr,0.01,0.0001,0.0,0.023273880627864334,1e-07,3,0.36884829398651164
370,ring,corr,0.01,0.0001,0.0,0.023273880627864334,1e-07,3,0.36868684125850937
375,ring,corr,0.01,0.0001,0.0,0.023273880627864334,1e-07,3,0.36880952844018533
380,ring,corr,0.01,0.0001,0.0,0.023273880627864334,1e-07,3,0.3685960546580792
385,ring,corr,0.01,0.0001,0.0,0.023273880627864334,1e-07,3,0.3686790965138469
390,ring,corr,0.01,0.0001,0.0,0.023273880627864334,1e-07,3,0.3688990440145078
395,ring,corr,0.01,0.0001,0.0,0.023273880627864334,1e-07,3,0.3687344642397046
400,ring,corr,0.01,0.0001,0.0,0.023273880627864334,1e-07,3,0.36869609288442773
405,ring,corr,0.01,0.0001,0.0,0.023273880627864334,1e-07,3,0.36867886365720715
410,ring,corr,0.01,0.0001,0.0,0.023273880627864334,1e-07,3,0.36864228247787156
415,ring,corr,0.01,0.0001,0.0,0.023273880627864334,1e-07,3,0.36870732922387206
420,ring,corr,0.01,0.0001,0.0,0.023273880627864334,1e-07,3,0.3685213673021336
425,ring,corr,0.01,0.0001,0.0,0.023273880627864334,1e-07,3,0.368707756273129
430,ring,corr,0.01,0.0001,0.0,0.023273880627864334,1e-07,3,0.368653013892697
435,ring,corr,0.01,0.0001,0.0,0.023273880627864334,1e-07,3,0.3688276554949016
440,ring,corr,0.01,0.0001,0.0,0.023273880627864334,1e-07,3,0.36872032601639426
445,ring,corr,0.01,0.0001,0.0,0.023273880627864334,1e-07,3,0.36890098220487566
450,ring,corr,0.01,0.0001,0.0,0.023273880627864334,1e-07,3,0.36875100376976533
455,ring,corr,0.01,0.0001,0.0,0.023273880627864334,1e-07,3,0.3684822635978524
460,ring,corr,0.01,0.0001,0.0,0.023273880627864334,1e-07,3,0.36870069611927736
465,ring,corr,0.01,0.0001,0.0,0.023273880627864334,1e-07,3,0.3684288324926299
470,ring,corr,0.01,0.0001,0.0,0.023273880627864334,1e-07,3,0.36885165360761385
475,ring,corr,0.01,0.0001,0.0,0.023273880627864334,1e-07,3,0.36881666716472783
480,ring,corr,0.01,0.0001,0.0,0.023273880627864334,1e-07,3,0.3690770923378409
485,ring,corr,0.01,0.0001,0.0,0.023273880627864334,1e-07,3,0.3686927495403556
490,ring,corr,0.01,0.0001,0.0,0.023273880627864334,1e-07,3,0.36861741950287175
495,ring,corr,0.01,0.0001,0.0,0.023273880627864334,1e-07,3,0.3685709374702615
500,ring,corr,0.01,0.0001,0.0,0.023273880627864334,1e-07,3,0.36869049813123034
505,ring,corr,0.01,0.0001,0.0,0.023273880627864334,1e-07,3,0.36859258717592913
510,ring,corr,0.01,0.0001,0.0,0.023273880627864334,1e-07,3,0.36866207694338315
515,ring,corr,0.01,0.0001,0.0,0.023273880627864334,1e-07,3,0.36835132437134943
520,ring,corr,0.01,0.0001,0.0,0.023273880627864334,1e-07,3,0.3683547710874341
525,ring,corr,0.01,0.0001,0.0,0.023273880627864334,1e-07,3,0.3680555928367901
530,ring,corr,0.01,0.0001,0.0,0.023273880627864334,1e-07,3,0.36865721399064955
535,ring,corr,0.01,0.0001,0.0,0.023273880627864334,1e-07,3,0.3684793147997598
540,ring,corr,0.01,0.0001,0.0,0.023273880627864334,1e-07,3,0.3686424575271433
545,ring,corr,0.01,0.0001,0.0,0.023273880627864334,1e-07,3,0.36841586919503433
550,ring,corr,0.01,0.0001,0.0,0.023273880627864334,1e-07,3,0.36866815629524186
555,ring,corr,0.01,0.0001,0.0,0.023273880627864334,1e-07,3,0.3686465755451549
560,ring,corr,0.01,0.0001,0.0,0.023273880627864334,1e-07,3,0.36895299975176243
565,ring,corr,0.01,0.0001,0.0,0.023273880627864334,1e-07,3,0.3684290980548677
570,ring,corr,0.01,0.0001,0.0,0.023273880627864334,1e-07,3,0.36862675604237427
575,ring,corr,0.01,0.0001,0.0,0.023273880627864334,1e-07,3,0.36851467365992474
580,ring,corr,0.01,0.0001,0.0,0.023273880627864334,1e-07,3,0.36831887138584063
585,ring,corr,0.01,0.0001,0.0,0.023273880627864334,1e-07,3,0.3684515134059815
590,ring,corr,0.01,0.0001,0.0,0.023273880627864334,1e-07,3,0.36824358508474686
595,ring,corr,0.01,0.0001,0.0,0.023273880627864334,1e-07,3,0.36814106212239184
600,ring,corr,0.01,0.0001,0.0,0.023273880627864334,1e-07,3,0.3682738705450056
605,ring,corr,0.01,0.0001,0.0,0.023273880627864334,1e-07,3,0.3681280212999011
610,ring,corr,0.01,0.0001,0.0,0.023273880627864334,1e-07,3,0.3682298046010497
615,ring,corr,0.01,0.0001,0.0,0.023273880627864334,1e-07,3,0.36831120877804946
620,ring,corr,0.01,0.0001,0.0,0.023273880627864334,1e-07,3,0.3678480966937092
625,ring,corr,0.01,0.0001,0.0,0.023273880627864334,1e-07,3,0.36834348533239036
630,ring,corr,0.01,0.0001,0.0,0.023273880627864334,1e-07,3,0.36865282829838364
635,ring,corr,0.01,0.0001,0.0,0.023273880627864334,1e-07,3,0.36855903797724165
640,ring,corr,0.01,0.0001,0.0,0.023273880627864334,1e-07,3,0.36802372604551437
645,ring,corr,0.01,0.0001,0.0,0.023273880627864334,1e-07,3,0.36809379331645453
650,ring,corr,0.01,0.0001,0.0,0.023273880627864334,1e-07,3,0.3682972848594096
655,ring,corr,0.01,0.0001,0.0,0.023273880627864334,1e-07,3,0.36826124322947185
660,ring,corr,0.01,0.0001,0.0,0.023273880627864334,1e-07,3,0.3682212122414308
665,ring,corr,0.01,0.0001,0.0,0.023273880627864334,1e-07,3,0.36796807418402033
670,ring,corr,0.01,0.0001,0.0,0.023273880627864334,1e-07,3,0.36855621924571935
675,ring,corr,0.01,0.0001,0.0,0.023273880627864334,1e-07,3,0.3685046902815732
680,ring,corr,0.01,0.0001,0.0,0.023273880627864334,1e-07,3,0.36826065420087994
685,ring,corr,0.01,0.0001,0.0,0.023273880627864334,1e-07,3,0.36822734302146576
690,ring,corr,0.01,0.0001,0.0,0.023273880627864334,1e-07,3,0.3681705908098861
695,ring,corr,0.01,0.0001,0.0,0.023273880627864334,1e-07,3,0.3682792613399757
700,ring,corr,0.01,0.0001,0.0,0.023273880627864334,1e-07,3,0.36819836851134624
705,ring,corr,0.01,0.0001,0.0,0.023273880627864334,1e-07,3,0.3680406838943847
710,ring,corr,0.01,0.0001,0.0,0.023273880627864334,1e-07,3,0.36788287375859197
715,ring,corr,0.01,0.0001,0.0,0.023273880627864334,1e-07,3,0.3684227720913661
720,ring,corr,0.01,0.0001,0.0,0.023273880627864334,1e-07,3,0.3682969242858619
725,ring,corr,0.01,0.0001,0.0,0.023273880627864334,1e-07,3,0.3684165758583646
730,ring,corr,0.01,0.0001,0.0,0.023273880627864334,1e-07,3,0.36860393876821074
735,ring,corr,0.01,0.0001,0.0,0.023273880627864334,1e-07,3,0.36878454247684334
740,ring,corr,0.01,0.0001,0.0,0.023273880627864334,1e-07,3,0.36843228505220926
745,ring,corr,0.01,0.0001,0.0,0.023273880627864334,1e-07,3,0.3684441330008771
750,ring,corr,0.01,0.0001,0.0,0.023273880627864334,1e-07,3,0.3681798477881296
755,ring,corr,0.01,0.0001,0.0,0.023273880627864334,1e-07,3,0.368206606375836
760,ring,corr,0.01,0.0001,0.0,0.023273880627864334,1e-07,3,0.3681935408975213
765,ring,corr,0.01,0.0001,0.0,0.023273880627864334,1e-07,3,0.36816690588556344
770,ring,corr,0.01,0.0001,0.0,0.023273880627864334,1e-07,3,0.36829022292129976
775,ring,corr,0.01,0.0001,0.0,0.023273880627864334,1e-07,3,0.36795764145006227
780,ring,corr,0.01,0.0001,0.0,0.023273880627864334,1e-07,3,0.3681447880636516
785,ring,corr,0.01,0.0001,0.0,0.023273880627864334,1e-07,3,0.3683133708267128
790,ring,corr,0.01,0.0001,0.0,0.023273880627864334,1e-07,3,0.36802346476972536
795,ring,corr,0.01,0.0001,0.0,0.023273880627864334,1e-07,3,0.36807189504481586
800,ring,corr,0.01,0.0001,0.0,0.023273880627864334,1e-07,3,0.3679148926500452
805,ring,corr,0.01,0.0001,0.0,0.023273880627864334,1e-07,3,0.36808341855465376
810,ring,corr,0.01,0.0001,0.0,0.023273880627864334,1e-07,3,0.36790098776772306
815,ring,corr,0.01,0.0001,0.0,0.023273880627864334,1e-07,3,0.36848988282745065
820,ring,corr,0.01,0.0001,0.0,0.023273880627864334,1e-07,3,0.3681910548941232
825,ring,corr,0.01,0.0001,0.0,0.023273880627864334,1e-07,3,0.36808326449499695
830,ring,corr,0.01,0.0001,0.0,0.023273880627864334,1e-07,3,0.3683364705704294
835,ring,corr,0.01,0.0001,0.0,0.023273880627864334,1e-07,3,0.3685268471385911
840,ring,corr,0.01,0.0001,0.0,0.023273880627864334,1e-07,3,0.3686793495946289
845,ring,corr,0.01,0.0001,0.0,0.023273880627864334,1e-07,3,0.3686046195779392
850,ring,corr,0.01,0.0001,0.0,0.023273880627864334,1e-07,3,0.3687320656135701
855,ring,corr,0.01,0.0001,0.0,0.023273880627864334,1e-07,3,0.36861040153172353
860,ring,corr,0.01,0.0001,0.0,0.023273880627864334,1e-07,3,0.3684998776809888
865,ring,corr,0.01,0.0001,0.0,0.023273880627864334,1e-07,3,0.36838709389023516
870,ring,corr,0.01,0.0001,0.0,0.023273880627864334,1e-07,3,0.3683113693403206
875,ring,corr,0.01,0.0001,0.0,0.023273880627864334,1e-07,3,0.368374349972331
880,ring,corr,0.01,0.0001,0.0,0.023273880627864334,1e-07,3,0.36851313699349586
885,ring,corr,0.01,0.0001,0.0,0.023273880627864334,1e-07,3,0.3684527539624861
890,ring,corr,0.01,0.0001,0.0,0.023273880627864334,1e-07,3,0.3687189126369076
895,ring,corr,0.01,0.0001,0.0,0.023273880627864334,1e-07,3,0.36843530477115427
900,ring,corr,0.01,0.0001,0.0,0.023273880627864334,1e-07,3,0.368658266564988
905,ring,corr,0.01,0.0001,0.0,0.023273880627864334,1e-07,3,0.36828355846343686
910,ring,corr,0.01,0.0001,0.0,0.023273880627864334,1e-07,3,0.3687133588868643
915,ring,corr,0.01,0.0001,0.0,0.023273880627864334,1e-07,3,0.3683491001565732
920,ring,corr,0.01,0.0001,0.0,0.023273880627864334,1e-07,3,0.36849738153595746
925,ring,corr,0.01,0.0001,0.0,0.023273880627864334,1e-07,3,0.36822662031503306
930,ring,corr,0.01,0.0001,0.0,0.023273880627864334,1e-07,3,0.36830525102130673
935,ring,corr,0.01,0.0001,0.0,0.023273880627864334,1e-07,3,0.3681297900326226
940,ring,corr,0.01,0.0001,0.0,0.023273880627864334,1e-07,3,0.36826849595647615
945,ring,corr,0.01,0.0001,0.0,0.023273880627864334,1e-07,3,0.3681458134274592
950,ring,corr,0.01,0.0001,0.0,0.023273880627864334,1e-07,3,0.3682054798093878
955,ring,corr,0.01,0.0001,0.0,0.023273880627864334,1e-07,3,0.36817669300499545
960,ring,corr,0.01,0.0001,0.0,0.023273880627864334,1e-07,3,0.3684894209428409
965,ring,corr,0.01,0.0001,0.0,0.023273880627864334,1e-07,3,0.3678693747382027
970,ring,corr,0.01,0.0001,0.0,0.023273880627864334,1e-07,3,0.3677187739916399
975,ring,corr,0.01,0.0001,0.0,0.023273880627864334,1e-07,3,0.36793522873996876
980,ring,corr,0.01,0.0001,0.0,0.023273880627864334,1e-07,3,0.36788919439022894
985,ring,corr,0.01,0.0001,0.0,0.023273880627864334,1e-07,3,0.36764368919050505
990,ring,corr,0.01,0.0001,0.0,0.023273880627864334,1e-07,3,0.3678082000033821
995,ring,corr,0.01,0.0001,0.0,0.023273880627864334,1e-07,3,0.3680922645459689
1000,ring,corr,0.01,0.0001,0.0,0.023273880627864334,1e-07,3,0.3682082759744455
1005,ring,corr,0.01,0.0001,0.0,0.023273880627864334,1e-07,3,0.36832021785534674
1010,ring,corr,0.01,0.0001,0.0,0.023273880627864334,1e-07,3,0.3683113237808203
1015,ring,corr,0.01,0.0001,0.0,0.023273880627864334,1e-07,3,0.36832745587545834
1020,ring,corr,0.01,0.0001,0.0,0.023273880627864334,1e-07,3,0.3681902546232042
1025,ring,corr,0.01,0.0001,0.0,0.023273880627864334,1e-07,3,0.3680971043833413
1030,ring,corr,0.01,0.0001,0.0,0.023273880627864334,1e-07,3,0.3682951520440162
1035,ring,corr,0.01,0.0001,0.0,0.023273880627864334,1e-07,3,0.3680757412017479
1040,ring,corr,0.01,0.0001,0.0,0.023273880627864334,1e-07,3,0.3681486713780302
1045,ring,corr,0.01,0.0001,0.0,0.023273880627864334,1e-07,3,0.3680041170940851
1050,ring,corr,0.01,0.0001,0.0,0.023273880627864334,1e-07,3,0.36796914342912845
1055,ring,corr,0.01,0.0001,0.0,0.023273880627864334,1e-07,3,0.3679806339798971
1060,ring,corr,0.01,0.0001,0.0,0.023273880627864334,1e-07,3,0.36819025532616567
1065,ring,corr,0.01,0.0001,0.0,0.023273880627864334,1e-07,3,0.3683070405806692
1070,ring,corr,0.01,0.0001,0.0,0.023273880627864334,1e-07,3,0.36805532253493567
1075,ring,corr,0.01,0.0001,0.0,0.023273880627864334,1e-07,3,0.3679981712721929
1080,ring,corr,0.01,0.0001,0.0,0.023273880627864334,1e-07,3,0.3680636482197359
1085,ring,corr,0.01,0.0001,0.0,0.023273880627864334,1e-07,3,0.36774726293688287
1090,ring,corr,0.01,0.0001,0.0,0.023273880627864334,1e-07,3,0.3679449295622368
1095,ring,corr,0.01,0.0001,0.0,0.023273880627864334,1e-07,3,0.36800036787884904
1100,ring,corr,0.01,0.0001,0.0,0.023273880627864334,1e-07,3,0.36799424268032743
1105,ring,corr,0.01,0.0001,0.0,0.023273880627864334,1e-07,3,0.3678470789801176
1110,ring,corr,0.01,0.0001,0.0,0.023273880627864334,1e-07,3,0.36788308779028567
1115,ring,corr,0.01,0.0001,0.0,0.023273880627864334,1e-07,3,0.36811968032154907
1120,ring,corr,0.01,0.0001,0.0,0.023273880627864334,1e-07,3,0.36802767228754996
1125,ring,corr,0.01,0.0001,0.0,0.023273880627864334,1e-07,3,0.3680432943969717
1130,ring,corr,0.01,0.0001,0.0,0.023273880627864334,1e-07,3,0.36824541442211167
1135,ring,corr,0.01,0.0001,0.0,0.023273880627864334,1e-07,3,0.3682152034686824
1140,ring,corr,0.01,0.0001,0.0,0.023273880627864334,1e-07,3,0.3681797955913889
1145,ring,corr,0.01,0.0001,0.0,0.023273880627864334,1e-07,3,0.36812611268510886
1150,ring,corr,0.01,0.0001,0.0,0.023273880627864334,1e-07,3,0.36804377233384244
1155,ring,corr,0.01,0.0001,0.0,0.023273880627864334,1e-07,3,0.36807057631716544
1160,ring,corr,0.01,0.0001,0.0,0.023273880627864334,1e-07,3,0.3682180504115773
1165,ring,corr,0.01,0.0001,0.0,0.023273880627864334,1e-07,3,0.3682300712910579
1170,ring,corr,0.01,0.0001,0.0,0.023273880627864334,1e-07,3,0.36784323965114907
1175,ring,corr,0.01,0.0001,0.0,0.023273880627864334,1e-07,3,0.36794801621256357
1180,ring,corr,0.01,0.0001,0.0,0.023273880627864334,1e-07,3,0.3679134283859601
1185,ring,corr,0.01,0.0001,0.0,0.023273880627864334,1e-07,3,0.36828799267228374
1190,ring,corr,0.01,0.0001,0.0,0.023273880627864334,1e-07,3,0.36838569132485266
1195,ring,corr,0.01,0.0001,0.0,0.023273880627864334,1e-07,3,0.368203242859396
1200,ring,corr,0.01,0.0001,0.0,0.023273880627864334,1e-07,3,0.36826056626876713
1205,ring,corr,0.01,0.0001,0.0,0.023273880627864334,1e-07,3,0.3685230622423826
1210,ring,corr,0.01,0.0001,0.0,0.023273880627864334,1e-07,3,0.36854644347775367
1215,ring,corr,0.01,0.0001,0.0,0.023273880627864334,1e-07,3,0.3683370960814558
1220,ring,corr,0.01,0.0001,0.0,0.023273880627864334,1e-07,3,0.36830211394074175
1225,ring,corr,0.01,0.0001,0.0,0.023273880627864334,1e-07,3,0.3684973688298302
1230,ring,corr,0.01,0.0001,0.0,0.023273880627864334,1e-07,3,0.368362472285542
1235,ring,corr,0.01,0.0001,0.0,0.023273880627864334,1e-07,3,0.36852645852662225
1240,ring,corr,0.01,0.0001,0.0,0.023273880627864334,1e-07,3,0.3685424111089335
1245,ring,corr,0.01,0.0001,0.0,0.023273880627864334,1e-07,3,0.368358629207829
1250,ring,corr,0.01,0.0001,0.0,0.023273880627864334,1e-07,3,0.3682489287915115
1255,ring,corr,0.01,0.0001,0.0,0.023273880627864334,1e-07,3,0.3684530254661492
1260,ring,corr,0.01,0.0001,0.0,0.023273880627864334,1e-07,3,0.3682649954170658
1265,ring,corr,0.01,0.0001,0.0,0.023273880627864334,1e-07,3,0.3684794063586686
1270,ring,corr,0.01,0.0001,0.0,0.023273880627864334,1e-07,3,0.3684548629168122
1275,ring,corr,0.01,0.0001,0.0,0.023273880627864334,1e-07,3,0.36856518381411707
1280,ring,corr,0.01,0.0001,0.0,0.023273880627864334,1e-07,3,0.36842420255735897
1285,ring,corr,0.01,0.0001,0.0,0.023273880627864334,1e-07,3,0.36828480763812976
1290,ring,corr,0.01,0.0001,0.0,0.023273880627864334,1e-07,3,0.36812938880390345
1295,ring,corr,0.01,0.0001,0.0,0.023273880627864334,1e-07,3,0.3682131416877822
1300,ring,corr,0.01,0.0001,0.0,0.023273880627864334,1e-07,3,0.3683575654180087
1305,ring,corr,0.01,0.0001,0.0,0.023273880627864334,1e-07,3,0.3680611527907547
1310,ring,corr,0.01,0.0001,0.0,0.023273880627864334,1e-07,3,0.3682865451385632
1315,ring,corr,0.01,0.0001,0.0,0.023273880627864334,1e-07,3,0.3683103146757587
1320,ring,corr,0.01,0.0001,0.0,0.023273880627864334,1e-07,3,0.3683307768877935
1325,ring,corr,0.01,0.0001,0.0,0.023273880627864334,1e-07,3,0.36859828785975024
1330,ring,corr,0.01,0.0001,0.0,0.023273880627864334,1e-07,3,0.3683316900376473
1335,ring,corr,0.01,0.0001,0.0,0.023273880627864334,1e-07,3,0.3683235980072177
1340,ring,corr,0.01,0.0001,0.0,0.023273880627864334,1e-07,3,0.36857599943316677
1345,ring,corr,0.01,0.0001,0.0,0.023273880627864334,1e-07,3,0.3683798053484133
1350,ring,corr,0.01,0.0001,0.0,0.023273880627864334,1e-07,3,0.3683881902748377
1355,ring,corr,0.01,0.0001,0.0,0.023273880627864334,1e-07,3,0.36823991484256946
1360,ring,corr,0.01,0.0001,0.0,0.023273880627864334,1e-07,3,0.3685616128703312
1365,ring,corr,0.01,0.0001,0.0,0.023273880627864334,1e-07,3,0.3685387928811896
1370,ring,corr,0.01,0.0001,0.0,0.023273880627864334,1e-07,3,0.3684154854009877
1375,ring,corr,0.01,0.0001,0.0,0.023273880627864334,1e-07,3,0.3683109783227284
1380,ring,corr,0.01,0.0001,0.0,0.023273880627864334,1e-07,3,0.3687678146647394
1385,ring,corr,0.01,0.0001,0.0,0.023273880627864334,1e-07,3,0.3685256949499892
1390,ring,corr,0.01,0.0001,0.0,0.023273880627864334,1e-07,3,0.3682941918365371
1395,ring,corr,0.01,0.0001,0.0,0.023273880627864334,1e-07,3,0.368421398709027
1400,ring,corr,0.01,0.0001,0.0,0.023273880627864334,1e-07,3,0.36849172648448336
1405,ring,corr,0.01,0.0001,0.0,0.023273880627864334,1e-07,3,0.36839988380571387
1410,ring,corr,0.01,0.0001,0.0,0.023273880627864334,1e-07,3,0.3684199724600402
1415,ring,corr,0.01,0.0001,0.0,0.023273880627864334,1e-07,3,0.36831546644273616
1420,ring,corr,0.01,0.0001,0.0,0.023273880627864334,1e-07,3,0.368571355620552
1425,ring,corr,0.01,0.0001,0.0,0.023273880627864334,1e-07,3,0.36863020951636527
1430,ring,corr,0.01,0.0001,0.0,0.023273880627864334,1e-07,3,0.3685337283643897
1435,ring,corr,0.01,0.0001,0.0,0.023273880627864334,1e-07,3,0.3686804079692536
1440,ring,corr,0.01,0.0001,0.0,0.023273880627864334,1e-07,3,0.3686743443703868
1445,ring,corr,0.01,0.0001,0.0,0.023273880627864334,1e-07,3,0.368490461551399
1450,ring,corr,0.01,0.0001,0.0,0.023273880627864334,1e-07,3,0.3682321984004727
1455,ring,corr,0.01,0.0001,0.0,0.023273880627864334,1e-07,3,0.368637396515767
1460,ring,corr,0.01,0.0001,0.0,0.023273880627864334,1e-07,3,0.3683738975410624
1465,ring,corr,0.01,0.0001,0.0,0.023273880627864334,1e-07,3,0.36838995143328024
1470,ring,corr,0.01,0.0001,0.0,0.023273880627864334,1e-07,3,0.36820267861763867
1475,ring,corr,0.01,0.0001,0.0,0.023273880627864334,1e-07,3,0.36828885058564576
1480,ring,corr,0.01,0.0001,0.0,0.023273880627864334,1e-07,3,0.3684955802906408
1485,ring,corr,0.01,0.0001,0.0,0.023273880627864334,1e-07,3,0.36835667912232195
1490,ring,corr,0.01,0.0001,0.0,0.023273880627864334,1e-07,3,0.36832130319731105
1495,ring,corr,0.01,0.0001,0.0,0.023273880627864334,1e-07,3,0.3684098026574819
1500,ring,corr,0.01,0.0001,0.0,0.023273880627864334,1e-07,3,0.36837691985264953
1505,ring,corr,0.01,0.0001,0.0,0.023273880627864334,1e-07,3,0.3682678046801171
1510,ring,corr,0.01,0.0001,0.0,0.023273880627864334,1e-07,3,0.368375748618857
1515,ring,corr,0.01,0.0001,0.0,0.023273880627864334,1e-07,3,0.3683508470423933
1520,ring,corr,0.01,0.0001,0.0,0.023273880627864334,1e-07,3,0.36793025574396876
1525,ring,corr,0.01,0.0001,0.0,0.023273880627864334,1e-07,3,0.3681536406663879
1530,ring,corr,0.01,0.0001,0.0,0.023273880627864334,1e-07,3,0.3676791642240066
1535,ring,corr,0.01,0.0001,0.0,0.023273880627864334,1e-07,3,0.3680036359145631
1540,ring,corr,0.01,0.0001,0.0,0.023273880627864334,1e-07,3,0.36834965420706656
1545,ring,corr,0.01,0.0001,0.0,0.023273880627864334,1e-07,3,0.3685992024627891
1550,ring,corr,0.01,0.0001,0.0,0.023273880627864334,1e-07,3,0.3685105195326366
1555,ring,corr,0.01,0.0001,0.0,0.023273880627864334,1e-07,3,0.3685173463226513
1560,ring,corr,0.01,0.0001,0.0,0.023273880627864334,1e-07,3,0.36861094502548175
1565,ring,corr,0.01,0.0001,0.0,0.023273880627864334,1e-07,3,0.3685546776606864
1570,ring,corr,0.01,0.0001,0.0,0.023273880627864334,1e-07,3,0.36847144931650067
1575,ring,corr,0.01,0.0001,0.0,0.023273880627864334,1e-07,3,0.3683560648785753
1580,ring,corr,0.01,0.0001,0.0,0.023273880627864334,1e-07,3,0.3685751865429804
1585,ring,corr,0.01,0.0001,0.0,0.023273880627864334,1e-07,3,0.3684382216869686
1590,ring,corr,0.01,0.0001,0.0,0.023273880627864334,1e-07,3,0.3685622616746165
1595,ring,corr,0.01,0.0001,0.0,0.023273880627864334,1e-07,3,0.3687547749708542
1600,ring,corr,0.01,0.0001,0.0,0.023273880627864334,1e-07,3,0.3686301578640171
1605,ring,corr,0.01,0.0001,0.0,0.023273880627864334,1e-07,3,0.36858021600477076
1610,ring,corr,0.01,0.0001,0.0,0.023273880627864334,1e-07,3,0.36877795944037195
1615,ring,corr,0.01,0.0001,0.0,0.023273880627864334,1e-07,3,0.3684932988594062
1620,ring,corr,0.01,0.0001,0.0,0.023273880627864334,1e-07,3,0.36858480096667345
1625,ring,corr,0.01,0.0001,0.0,0.023273880627864334,1e-07,3,0.36879339972472724
1630,ring,corr,0.01,0.0001,0.0,0.023273880627864334,1e-07,3,0.368440207289103
1635,ring,corr,0.01,0.0001,0.0,0.023273880627864334,1e-07,3,0.3685412033142751
1640,ring,corr,0.01,0.0001,0.0,0.023273880627864334,1e-07,3,0.3682216100851611
1645,ring,corr,0.01,0.0001,0.0,0.023273880627864334,1e-07,3,0.36824818740228127
1650,ring,corr,0.01,0.0001,0.0,0.023273880627864334,1e-07,3,0.3680791526463201
1655,ring,corr,0.01,0.0001,0.0,0.023273880627864334,1e-07,3,0.36809945640549124
1660,ring,corr,0.01,0.0001,0.0,0.023273880627864334,1e-07,3,0.3679141027594741
1665,ring,corr,0.01,0.0001,0.0,0.023273880627864334,1e-07,3,0.36822699825918437
1670,ring,corr,0.01,0.0001,0.0,0.023273880627864334,1e-07,3,0.3680224669227067
1675,ring,corr,0.01,0.0001,0.0,0.023273880627864334,1e-07,3,0.3681161191655403
1680,ring,corr,0.01,0.0001,0.0,0.023273880627864334,1e-07,3,0.3679643016546741
1685,ring,corr,0.01,0.0001,0.0,0.023273880627864334,1e-07,3,0.3679563848688233
1690,ring,corr,0.01,0.0001,0.0,0.023273880627864334,1e-07,3,0.36793535720702564
1695,ring,corr,0.01,0.0001,0.0,0.023273880627864334,1e-07,3,0.3678868054959544
1700,ring,corr,0.01,0.0001,0.0,0.023273880627864334,1e-07,3,0.3678622600479555
1705,ring,corr,0.01,0.0001,0.0,0.023273880627864334,1e-07,3,0.36787576089311125
1710,ring,corr,0.01,0.0001,0.0,0.023273880627864334,1e-07,3,0.3681901064880535
1715,ring,corr,0.01,0.0001,0.0,0.023273880627864334,1e-07,3,0.3683107046552123
1720,ring,corr,0.01,0.0001,0.0,0.023273880627864334,1e-07,3,0.368384859060936
1725,ring,corr,0.01,0.0001,0.0,0.023273880627864334,1e-07,3,0.3683429540391474
1730,ring,corr,0.01,0.0001,0.0,0.023273880627864334,1e-07,3,0.3681124909939726
1735,ring,corr,0.01,0.0001,0.0,0.023273880627864334,1e-07,3,0.3681657379469404
1740,ring,corr,0.01,0.0001,0.0,0.023273880627864334,1e-07,3,0.368270634767788
1745,ring,corr,0.01,0.0001,0.0,0.023273880627864334,1e-07,3,0.36829066689550305
1750,ring,corr,0.01,0.0001,0.0,0.023273880627864334,1e-07,3,0.3682845993974273
1755,ring,corr,0.01,0.0001,0.0,0.023273880627864334,1e-07,3,0.36848474404859055
1760,ring,corr,0.01,0.0001,0.0,0.023273880627864334,1e-07,3,0.3684535290079275
1765,ring,corr,0.01,0.0001,0.0,0.023273880627864334,1e-07,3,0.36854886030349054
1770,ring,corr,0.01,0.0001,0.0,0.023273880627864334,1e-07,3,0.3684850204323997
1775,ring,corr,0.01,0.0001,0.0,0.023273880627864334,1e-07,3,0.36888434680342164
1780,ring,corr,0.01,0.0001,0.0,0.023273880627864334,1e-07,3,0.3685725211738311
1785,ring,corr,0.01,0.0001,0.0,0.023273880627864334,1e-07,3,0.36865235156437437
1790,ring,corr,0.01,0.0001,0.0,0.023273880627864334,1e-07,3,0.36856267642518903
1795,ring,corr,0.01,0.0001,0.0,0.023273880627864334,1e-07,3,0.36877848142336234
1800,ring,corr,0.01,0.0001,0.0,0.023273880627864334,1e-07,3,0.368775982352073
1805,ring,corr,0.01,0.0001,0.0,0.023273880627864334,1e-07,3,0.36888748029864715
1810,ring,corr,0.01,0.0001,0.0,0.023273880627864334,1e-07,3,0.36860370310142143
1815,ring,corr,0.01,0.0001,0.0,0.023273880627864334,1e-07,3,0.3689039367551551
1820,ring,corr,0.01,0.0001,0.0,0.023273880627864334,1e-07,3,0.3688843841153817
1825,ring,corr,0.01,0.0001,0.0,0.023273880627864334,1e-07,3,0.36888129844219686
1830,ring,corr,0.01,0.0001,0.0,0.023273880627864334,1e-07,3,0.36876753216807434
1835,ring,corr,0.01,0.0001,0.0,0.023273880627864334,1e-07,3,0.3691340148828949
1840,ring,corr,0.01,0.0001,0.0,0.023273880627864334,1e-07,3,0.3690185069782602
1845,ring,corr,0.01,0.0001,0.0,0.023273880627864334,1e-07,3,0.3690012131041124
1850,ring,corr,0.01,0.0001,0.0,0.023273880627864334,1e-07,3,0.36902665461484085
1855,ring,corr,0.01,0.0001,0.0,0.023273880627864334,1e-07,3,0.36884349672679495
1860,ring,corr,0.01,0.0001,0.0,0.023273880627864334,1e-07,3,0.36882477454831875
1865,ring,corr,0.01,0.0001,0.0,0.023273880627864334,1e-07,3,0.3688597472682531
1870,ring,corr,0.01,0.0001,0.0,0.023273880627864334,1e-07,3,0.3690638089112128
1875,ring,corr,0.01,0.0001,0.0,0.023273880627864334,1e-07,3,0.36928604741672344
1880,ring,corr,0.01,0.0001,0.0,0.023273880627864334,1e-07,3,0.3688411938318539
1885,ring,corr,0.01,0.0001,0.0,0.023273880627864334,1e-07,3,0.3692953638876526
1890,ring,corr,0.01,0.0001,0.0,0.023273880627864334,1e-07,3,0.3692552308503553
1895,ring,corr,0.01,0.0001,0.0,0.023273880627864334,1e-07,3,0.3690338883919646
1900,ring,corr,0.01,0.0001,0.0,0.023273880627864334,1e-07,3,0.36926350263437524
1905,ring,corr,0.01,0.0001,0.0,0.023273880627864334,1e-07,3,0.3691430209683265
1910,ring,corr,0.01,0.0001,0.0,0.023273880627864334,1e-07,3,0.36890393313387626
1915,ring,corr,0.01,0.0001,0.0,0.023273880627864334,1e-07,3,0.3686152117340801
1920,ring,corr,0.01,0.0001,0.0,0.023273880627864334,1e-07,3,0.36877130108595324
1925,ring,corr,0.01,0.0001,0.0,0.023273880627864334,1e-07,3,0.3688292147194696
1930,ring,corr,0.01,0.0001,0.0,0.023273880627864334,1e-07,3,0.3689758290513805
1935,ring,corr,0.01,0.0001,0.0,0.023273880627864334,1e-07,3,0.3684831478542896
1940,ring,corr,0.01,0.0001,0.0,0.023273880627864334,1e-07,3,0.3686172994698256
1945,ring,corr,0.01,0.0001,0.0,0.023273880627864334,1e-07,3,0.3686051947275937
1950,ring,corr,0.01,0.0001,0.0,0.023273880627864334,1e-07,3,0.36840919975518926
1955,ring,corr,0.01,0.0001,0.0,0.023273880627864334,1e-07,3,0.3682295258496149
1960,ring,corr,0.01,0.0001,0.0,0.023273880627864334,1e-07,3,0.36799704642890974
1965,ring,corr,0.01,0.0001,0.0,0.023273880627864334,1e-07,3,0.3678559390948051
1970,ring,corr,0.01,0.0001,0.0,0.023273880627864334,1e-07,3,0.36792707114784373
1975,ring,corr,0.01,0.0001,0.0,0.023273880627864334,1e-07,3,0.36804951082839354
1980,ring,corr,0.01,0.0001,0.0,0.023273880627864334,1e-07,3,0.3683813585775414
1985,ring,corr,0.01,0.0001,0.0,0.023273880627864334,1e-07,3,0.36796364814916616
1990,ring,corr,0.01,0.0001,0.0,0.023273880627864334,1e-07,3,0.36807103167007915
1995,ring,corr,0.01,0.0001,0.0,0.023273880627864334,1e-07,3,0.36817672613666563
2000,ring,corr,0.01,0.0001,0.0,0.023273880627864334,1e-07,3,0.36794691642107247
2005,ring,corr,0.01,0.0001,0.0,0.023273880627864334,1e-07,3,0.3681656923390334
2010,ring,corr,0.01,0.0001,0.0,0.023273880627864334,1e-07,3,0.36774803969871894
2015,ring,corr,0.01,0.0001,0.0,0.023273880627864334,1e-07,3,0.36793166558221446
2020,ring,corr,0.01,0.0001,0.0,0.023273880627864334,1e-07,3,0.36784484191692446
2025,ring,corr,0.01,0.0001,0.0,0.023273880627864334,1e-07,3,0.36826059957608726
2030,ring,corr,0.01,0.0001,0.0,0.023273880627864334,1e-07,3,0.368274625003724
2035,ring,corr,0.01,0.0001,0.0,0.023273880627864334,1e-07,3,0.36824021275853613
2040,ring,corr,0.01,0.0001,0.0,0.023273880627864334,1e-07,3,0.36834744790777674
2045,ring,corr,0.01,0.0001,0.0,0.023273880627864334,1e-07,3,0.3681908244809151
2050,ring,corr,0.01,0.0001,0.0,0.023273880627864334,1e-07,3,0.36853605114400645
2055,ring,corr,0.01,0.0001,0.0,0.023273880627864334,1e-07,3,0.36815737731390985
2060,ring,corr,0.01,0.0001,0.0,0.023273880627864334,1e-07,3,0.3679504682461576
2065,ring,corr,0.01,0.0001,0.0,0.023273880627864334,1e-07,3,0.36840112954404014
2070,ring,corr,0.01,0.0001,0.0,0.023273880627864334,1e-07,3,0.36822530089196015
2075,ring,corr,0.01,0.0001,0.0,0.023273880627864334,1e-07,3,0.3681191216144746
2080,ring,corr,0.01,0.0001,0.0,0.023273880627864334,1e-07,3,0.3680587198362272
2085,ring,corr,0.01,0.0001,0.0,0.023273880627864334,1e-07,3,0.3680414370122026
2090,ring,corr,0.01,0.0001,0.0,0.023273880627864334,1e-07,3,0.36775462410300275
2095,ring,corr,0.01,0.0001,0.0,0.023273880627864334,1e-07,3,0.3677922484582663
2100,ring,corr,0.01,0.0001,0.0,0.023273880627864334,1e-07,3,0.36784642194474393
2105,ring,corr,0.01,0.0001,0.0,0.023273880627864334,1e-07,3,0.36769456171172044
2110,ring,corr,0.01,0.0001,0.0,0.023273880627864334,1e-07,3,0.3681001406463409
2115,ring,corr,0.01,0.0001,0.0,0.023273880627864334,1e-07,3,0.3679482277199624
2120,ring,corr,0.01,0.0001,0.0,0.023273880627864334,1e-07,3,0.3678844600451684
2125,ring,corr,0.01,0.0001,0.0,0.023273880627864334,1e-07,3,0.3678696784458372
2130,ring,corr,0.01,0.0001,0.0,0.023273880627864334,1e-07,3,0.36811015643765554
2135,ring,corr,0.01,0.0001,0.0,0.023273880627864334,1e-07,3,0.36798003758083897
2140,ring,corr,0.01,0.0001,0.0,0.023273880627864334,1e-07,3,0.36785164479840415
2145,ring,corr,0.01,0.0001,0.0,0.023273880627864334,1e-07,3,0.36810021897907974
2150,ring,corr,0.01,0.0001,0.0,0.023273880627864334,1e-07,3,0.36794277437700995
2155,ring,corr,0.01,0.0001,0.0,0.023273880627864334,1e-07,3,0.36798671669842553
2160,ring,corr,0.01,0.0001,0.0,0.023273880627864334,1e-07,3,0.36762790111308874
2165,ring,corr,0.01,0.0001,0.0,0.023273880627864334,1e-07,3,0.36814567159219236
2170,ring,corr,0.01,0.0001,0.0,0.023273880627864334,1e-07,3,0.3679878586347698
2175,ring,corr,0.01,0.0001,0.0,0.023273880627864334,1e-07,3,0.3682102673207035
2180,ring,corr,0.01,0.0001,0.0,0.023273880627864334,1e-07,3,0.36810643468023674
2185,ring,corr,0.01,0.0001,0.0,0.023273880627864334,1e-07,3,0.3682519387150279
2190,ring,corr,0.01,0.0001,0.0,0.023273880627864334,1e-07,3,0.3680872342120961
2195,ring,corr,0.01,0.0001,0.0,0.023273880627864334,1e-07,3,0.36777509036075484
2200,ring,corr,0.01,0.0001,0.0,0.023273880627864334,1e-07,3,0.36799524041569964
2205,ring,corr,0.01,0.0001,0.0,0.023273880627864334,1e-07,3,0.36785744293974576
2210,ring,corr,0.01,0.0001,0.0,0.023273880627864334,1e-07,3,0.367926483574158
2215,ring,corr,0.01,0.0001,0.0,0.023273880627864334,1e-07,3,0.36819698781687316
2220,ring,corr,0.01,0.0001,0.0,0.023273880627864334,1e-07,3,0.36808968351650195
2225,ring,corr,0.01,0.0001,0.0,0.023273880627864334,1e-07,3,0.36795669417633925
2230,ring,corr,0.01,0.0001,0.0,0.023273880627864334,1e-07,3,0.36811374602442637
2235,ring,corr,0.01,0.0001,0.0,0.023273880627864334,1e-07,3,0.3681772642300163
2240,ring,corr,0.01,0.0001,0.0,0.023273880627864334,1e-07,3,0.36817011389260323
2245,ring,corr,0.01,0.0001,0.0,0.023273880627864334,1e-07,3,0.36819858893067425
2250,ring,corr,0.01,0.0001,0.0,0.023273880627864334,1e-07,3,0.3679947861796983
2255,ring,corr,0.01,0.0001,0.0,0.023273880627864334,1e-07,3,0.368212171189198
2260,ring,corr,0.01,0.0001,0.0,0.023273880627864334,1e-07,3,0.36816170878787724
2265,ring,corr,0.01,0.0001,0.0,0.023273880627864334,1e-07,3,0.3682237668606837
2270,ring,corr,0.01,0.0001,0.0,0.023273880627864334,1e-07,3,0.36818097903614044
2275,ring,corr,0.01,0.0001,0.0,0.023273880627864334,1e-07,3,0.3682174780978227
2280,ring,corr,0.01,0.0001,0.0,0.023273880627864334,1e-07,3,0.3684047051715673
2285,ring,corr,0.01,0.0001,0.0,0.023273880627864334,1e-07,3,0.3681121111018697
2290,ring,corr,0.01,0.0001,0.0,0.023273880627864334,1e-07,3,0.36819357234890726
2295,ring,corr,0.01,0.0001,0.0,0.023273880627864334,1e-07,3,0.36835015993457676
2300,ring,corr,0.01,0.0001,0.0,0.023273880627864334,1e-07,3,0.36806876634887487
2305,ring,corr,0.01,0.0001,0.0,0.023273880627864334,1e-07,3,0.3681330938715045
2310,ring,corr,0.01,0.0001,0.0,0.023273880627864334,1e-07,3,0.3684766454049486
2315,ring,corr,0.01,0.0001,0.0,0.023273880627864334,1e-07,3,0.3683290812462575
2320,ring,corr,0.01,0.0001,0.0,0.023273880627864334,1e-07,3,0.3685114585929541
2325,ring,corr,0.01,0.0001,0.0,0.023273880627864334,1e-07,3,0.36789747025429886
2330,ring,corr,0.01,0.0001,0.0,0.023273880627864334,1e-07,3,0.36800985660582364
2335,ring,corr,0.01,0.0001,0.0,0.023273880627864334,1e-07,3,0.3679766848023607
2340,ring,corr,0.01,0.0001,0.0,0.023273880627864334,1e-07,3,0.36809488040220173
2345,ring,corr,0.01,0.0001,0.0,0.023273880627864334,1e-07,3,0.36824880612417077
2350,ring,corr,0.01,0.0001,0.0,0.023273880627864334,1e-07,3,0.3682143160621222
2355,ring,corr,0.01,0.0001,0.0,0.023273880627864334,1e-07,3,0.36822758071191297
2360,ring,corr,0.01,0.0001,0.0,0.023273880627864334,1e-07,3,0.3680740879237062
2365,ring,corr,0.01,0.0001,0.0,0.023273880627864334,1e-07,3,0.36811661084487024
2370,ring,corr,0.01,0.0001,0.0,0.023273880627864334,1e-07,3,0.3679542051263758
2375,ring,corr,0.01,0.0001,0.0,0.023273880627864334,1e-07,3,0.3680543693481616
2380,ring,corr,0.01,0.0001,0.0,0.023273880627864334,1e-07,3,0.3681245151153375
2385,ring,corr,0.01,0.0001,0.0,0.023273880627864334,1e-07,3,0.36778306012874595
2390,ring,corr,0.01,0.0001,0.0,0.023273880627864334,1e-07,3,0.3680418927571133
2395,ring,corr,0.01,0.0001,0.0,0.023273880627864334,1e-07,3,0.368234882651581
2400,ring,corr,0.01,0.0001,0.0,0.023273880627864334,1e-07,3,0.36805038917195343
2405,ring,corr,0.01,0.0001,0.0,0.023273880627864334,1e-07,3,0.3677593533647108
2410,ring,corr,0.01,0.0001,0.0,0.023273880627864334,1e-07,3,0.3680528970791368
2415,ring,corr,0.01,0.0001,0.0,0.023273880627864334,1e-07,3,0.3681980581042086
2420,ring,corr,0.01,0.0001,0.0,0.023273880627864334,1e-07,3,0.3682548371219774
2425,ring,corr,0.01,0.0001,0.0,0.023273880627864334,1e-07,3,0.36830217523852204
2430,ring,corr,0.01,0.0001,0.0,0.023273880627864334,1e-07,3,0.3680008286005765
2435,ring,corr,0.01,0.0001,0.0,0.023273880627864334,1e-07,3,0.3682987125623348
2440,ring,corr,0.01,0.0001,0.0,0.023273880627864334,1e-07,3,0.36824661291216965
2445,ring,corr,0.01,0.0001,0.0,0.023273880627864334,1e-07,3,0.3683706048351244
2450,ring,corr,0.01,0.0001,0.0,0.023273880627864334,1e-07,3,0.36859860353065266
2455,ring,corr,0.01,0.0001,0.0,0.023273880627864334,1e-07,3,0.3686467005020754
2460,ring,corr,0.01,0.0001,0.0,0.023273880627864334,1e-07,3,0.3683333499667619
2465,ring,corr,0.01,0.0001,0.0,0.023273880627864334,1e-07,3,0.3683846180185456
2470,ring,corr,0.01,0.0001,0.0,0.023273880627864334,1e-07,3,0.36824840871306885
2475,ring,corr,0.01,0.0001,0.0,0.023273880627864334,1e-07,3,0.3683373376960061
2480,ring,corr,0.01,0.0001,0.0,0.023273880627864334,1e-07,3,0.36824590493148845
2485,ring,corr,0.01,0.0001,0.0,0.023273880627864334,1e-07,3,0.36809288075976176
2490,ring,corr,0.01,0.0001,0.0,0.023273880627864334,1e-07,3,0.3682072052515517
2495,ring,corr,0.01,0.0001,0.0,0.023273880627864334,1e-07,3,0.3680954271636655
2500,ring,corr,0.01,0.0001,0.0,0.023273880627864334,1e-07,3,0.3681587167300481
2505,ring,corr,0.01,0.0001,0.0,0.023273880627864334,1e-07,3,0.368206421380063
2510,ring,corr,0.01,0.0001,0.0,0.023273880627864334,1e-07,3,0.3681131888004139
2515,ring,corr,0.01,0.0001,0.0,0.023273880627864334,1e-07,3,0.3683997464862594
2520,ring,corr,0.01,0.0001,0.0,0.023273880627864334,1e-07,3,0.36832992594214564
2525,ring,corr,0.01,0.0001,0.0,0.023273880627864334,1e-07,3,0.36826474011040644
2530,ring,corr,0.01,0.0001,0.0,0.023273880627864334,1e-07,3,0.3684045862553288
2535,ring,corr,0.01,0.0001,0.0,0.023273880627864334,1e-07,3,0.368274027100156
2540,ring,corr,0.01,0.0001,0.0,0.023273880627864334,1e-07,3,0.36825752324665106
2545,ring,corr,0.01,0.0001,0.0,0.023273880627864334,1e-07,3,0.3681925256700056
2550,ring,corr,0.01,0.0001,0.0,0.023273880627864334,1e-07,3,0.36830570119813977
2555,ring,corr,0.01,0.0001,0.0,0.023273880627864334,1e-07,3,0.3683949675375816
2560,ring,corr,0.01,0.0001,0.0,0.023273880627864334,1e-07,3,0.36821972442157946
2565,ring,corr,0.01,0.0001,0.0,0.023273880627864334,1e-07,3,0.36832018861396865
2570,ring,corr,0.01,0.0001,0.0,0.023273880627864334,1e-07,3,0.3679767199376208
2575,ring,corr,0.01,0.0001,0.0,0.023273880627864334,1e-07,3,0.36815763129260637
2580,ring,corr,0.01,0.0001,0.0,0.023273880627864334,1e-07,3,0.36803566165359514
2585,ring,corr,0.01,0.0001,0.0,0.023273880627864334,1e-07,3,0.36787031458603814
2590,ring,corr,0.01,0.0001,0.0,0.023273880627864334,1e-07,3,0.3678776174042585
2595,ring,corr,0.01,0.0001,0.0,0.023273880627864334,1e-07,3,0.36804788820311574
2600,ring,corr,0.01,0.0001,0.0,0.023273880627864334,1e-07,3,0.3682318955130919
2605,ring,corr,0.01,0.0001,0.0,0.023273880627864334,1e-07,3,0.3675691742827091
2610,ring,corr,0.01,0.0001,0.0,0.023273880627864334,1e-07,3,0.3675136108381174
2615,ring,corr,0.01,0.0001,0.0,0.023273880627864334,1e-07,3,0.3679685385523732
2620,ring,corr,0.01,0.0001,0.0,0.023273880627864334,1e-07,3,0.3678492500221471
2625,ring,corr,0.01,0.0001,0.0,0.023273880627864334,1e-07,3,0.36796294966124576
2630,ring,corr,0.01,0.0001,0.0,0.023273880627864334,1e-07,3,0.3681874676633845
2635,ring,corr,0.01,0.0001,0.0,0.023273880627864334,1e-07,3,0.36800575876025554
2640,ring,corr,0.01,0.0001,0.0,0.023273880627864334,1e-07,3,0.3680782748826513
2645,ring,corr,0.01,0.0001,0.0,0.023273880627864334,1e-07,3,0.36798347334236614
2650,ring,corr,0.01,0.0001,0.0,0.023273880627864334,1e-07,3,0.36793028639819836
2655,ring,corr,0.01,0.0001,0.0,0.023273880627864334,1e-07,3,0.3679546794378261
2660,ring,corr,0.01,0.0001,0.0,0.023273880627864334,1e-07,3,0.36777854837994994
2665,ring,corr,0.01,0.0001,0.0,0.023273880627864334,1e-07,3,0.3683006335332074
2670,ring,corr,0.01,0.0001,0.0,0.023273880627864334,1e-07,3,0.3682380543989465
2675,ring,corr,0.01,0.0001,0.0,0.023273880627864334,1e-07,3,0.36824429892878596
2680,ring,corr,0.01,0.0001,0.0,0.023273880627864334,1e-07,3,0.36834178310613475
2685,ring,corr,0.01,0.0001,0.0,0.023273880627864334,1e-07,3,0.3684303520741631
2690,ring,corr,0.01,0.0001,0.0,0.023273880627864334,1e-07,3,0.3684600163910733
2695,ring,corr,0.01,0.0001,0.0,0.023273880627864334,1e-07,3,0.36828033658307757
2700,ring,corr,0.01,0.0001,0.0,0.023273880627864334,1e-07,3,0.3682602364596643
2705,ring,corr,0.01,0.0001,0.0,0.023273880627864334,1e-07,3,0.368516843840768
2710,ring,corr,0.01,0.0001,0.0,0.023273880627864334,1e-07,3,0.3683373507794382
2715,ring,corr,0.01,0.0001,0.0,0.023273880627864334,1e-07,3,0.368246579862207
2720,ring,corr,0.01,0.0001,0.0,0.023273880627864334,1e-07,3,0.368313551723648
2725,ring,corr,0.01,0.0001,0.0,0.023273880627864334,1e-07,3,0.36815725772209507
2730,ring,corr,0.01,0.0001,0.0,0.023273880627864334,1e-07,3,0.3682885075941478
2735,ring,corr,0.01,0.0001,0.0,0.023273880627864334,1e-07,3,0.36811451701785725
2740,ring,corr,0.01,0.0001,0.0,0.023273880627864334,1e-07,3,0.36811269397481516
2745,ring,corr,0.01,0.0001,0.0,0.023273880627864334,1e-07,3,0.367870500198455
2750,ring,corr,0.01,0.0001,0.0,0.023273880627864334,1e-07,3,0.3679245346827833
2755,ring,corr,0.01,0.0001,0.0,0.023273880627864334,1e-07,3,0.3678936738276509
2760,ring,corr,0.01,0.0001,0.0,0.023273880627864334,1e-07,3,0.3679145028463813
2765,ring,corr,0.01,0.0001,0.0,0.023273880627864334,1e-07,3,0.36792024839333737
2770,ring,corr,0.01,0.0001,0.0,0.023273880627864334,1e-07,3,0.36792212620361986
2775,ring,corr,0.01,0.0001,0.0,0.023273880627864334,1e-07,3,0.36751708356014745
2780,ring,corr,0.01,0.0001,0.0,0.023273880627864334,1e-07,3,0.36784057671973547
2785,ring,corr,0.01,0.0001,0.0,0.023273880627864334,1e-07,3,0.36770563330621864
2790,ring,corr,0.01,0.0001,0.0,0.023273880627864334,1e-07,3,0.3679527067320957
2795,ring,corr,0.01,0.0001,0.0,0.023273880627864334,1e-07,3,0.36780948118526324
2800,ring,corr,0.01,0.0001,0.0,0.023273880627864334,1e-07,3,0.367641817938398
2805,ring,corr,0.01,0.0001,0.0,0.023273880627864334,1e-07,3,0.3677260697180651
2810,ring,corr,0.01,0.0001,0.0,0.023273880627864334,1e-07,3,0.3675727553327983
2815,ring,corr,0.01,0.0001,0.0,0.023273880627864334,1e-07,3,0.3681169003025653
2820,ring,corr,0.01,0.0001,0.0,0.023273880627864334,1e-07,3,0.3677666073342396
2825,ring,corr,0.01,0.0001,0.0,0.023273880627864334,1e-07,3,0.3677663366846543
2830,ring,corr,0.01,0.0001,0.0,0.023273880627864334,1e-07,3,0.36777201814505955
2835,ring,corr,0.01,0.0001,0.0,0.023273880627864334,1e-07,3,0.3678914129509666
2840,ring,corr,0.01,0.0001,0.0,0.023273880627864334,1e-07,3,0.3675142351942201
2845,ring,corr,0.01,0.0001,0.0,0.023273880627864334,1e-07,3,0.36749297402342906
2850,ring,corr,0.01,0.0001,0.0,0.023273880627864334,1e-07,3,0.36725388369651146
2855,ring,corr,0.01,0.0001,0.0,0.023273880627864334,1e-07,3,0.3672615237349116
2860,ring,corr,0.01,0.0001,0.0,0.023273880627864334,1e-07,3,0.3671807338279587
2865,ring,corr,0.01,0.0001,0.0,0.023273880627864334,1e-07,3,0.36726094669359866
2870,ring,corr,0.01,0.0001,0.0,0.023273880627864334,1e-07,3,0.3674475483227896
2875,ring,corr,0.01,0.0001,0.0,0.023273880627864334,1e-07,3,0.36742870065795963
2880,ring,corr,0.01,0.0001,0.0,0.023273880627864334,1e-07,3,0.3674392145071713
2885,ring,corr,0.01,0.0001,0.0,0.023273880627864334,1e-07,3,0.3675822661403658
2890,ring,corr,0.01,0.0001,0.0,0.023273880627864334,1e-07,3,0.3676997458377066
2895,ring,corr,0.01,0.0001,0.0,0.023273880627864334,1e-07,3,0.36742819198504517
2900,ring,corr,0.01,0.0001,0.0,0.023273880627864334,1e-07,3,0.36741297109806215
2905,ring,corr,0.01,0.0001,0.0,0.023273880627864334,1e-07,3,0.3674842962091027
2910,ring,corr,0.01,0.0001,0.0,0.023273880627864334,1e-07,3,0.36755468970505956
2915,ring,corr,0.01,0.0001,0.0,0.023273880627864334,1e-07,3,0.3673615759495048
2920,ring,corr,0.01,0.0001,0.0,0.023273880627864334,1e-07,3,0.367374317100865
2925,ring,corr,0.01,0.0001,0.0,0.023273880627864334,1e-07,3,0.36737256950531116
2930,ring,corr,0.01,0.0001,0.0,0.023273880627864334,1e-07,3,0.3673226050535524
2935,ring,corr,0.01,0.0001,0.0,0.023273880627864334,1e-07,3,0.36719284616764525
2940,ring,corr,0.01,0.0001,0.0,0.023273880627864334,1e-07,3,0.36722388860663613
2945,ring,corr,0.01,0.0001,0.0,0.023273880627864334,1e-07,3,0.367511934496189
2950,ring,corr,0.01,0.0001,0.0,0.023273880627864334,1e-07,3,0.367116271561266
2955,ring,corr,0.01,0.0001,0.0,0.023273880627864334,1e-07,3,0.36710869631172693
2960,ring,corr,0.01,0.0001,0.0,0.023273880627864334,1e-07,3,0.3671719602989151
2965,ring,corr,0.01,0.0001,0.0,0.023273880627864334,1e-07,3,0.3671574285262035
2970,ring,corr,0.01,0.0001,0.0,0.023273880627864334,1e-07,3,0.36700622621424306
2975,ring,corr,0.01,0.0001,0.0,0.023273880627864334,1e-07,3,0.3671037578129337
2980,ring,corr,0.01,0.0001,0.0,0.023273880627864334,1e-07,3,0.3672626145589737
2985,ring,corr,0.01,0.0001,0.0,0.023273880627864334,1e-07,3,0.3671099000678473
2990,ring,corr,0.01,0.0001,0.0,0.023273880627864334,1e-07,3,0.3670131622618681
2995,ring,corr,0.01,0.0001,0.0,0.023273880627864334,1e-07,3,0.3668023443985363
3000,ring,corr,0.01,0.0001,0.0,0.023273880627864334,1e-07,3,0.36642258860643173
3005,ring,corr,0.01,0.0001,0.0,0.023273880627864334,1e-07,3,0.36702404021606816
3010,ring,corr,0.01,0.0001,0.0,0.023273880627864334,1e-07,3,0.3668043480038802
3015,ring,corr,0.01,0.0001,0.0,0.023273880627864334,1e-07,3,0.36670919006529146
3020,ring,corr,0.01,0.0001,0.0,0.023273880627864334,1e-07,3,0.366926504702069
3025,ring,corr,0.01,0.0001,0.0,0.023273880627864334,1e-07,3,0.3669674181205962
3030,ring,corr,0.01,0.0001,0.0,0.023273880627864334,1e-07,3,0.36683780775701724
3035,ring,corr,0.01,0.0001,0.0,0.023273880627864334,1e-07,3,0.36671273920358993
3040,ring,corr,0.01,0.0001,0.0,0.023273880627864334,1e-07,3,0.36672925780112364
3045,ring,corr,0.01,0.0001,0.0,0.023273880627864334,1e-07,3,0.36648398078151256
3050,ring,corr,0.01,0.0001,0.0,0.023273880627864334,1e-07,3,0.36642561948259644
3055,ring,corr,0.01,0.0001,0.0,0.023273880627864334,1e-07,3,0.3663026105784728
3060,ring,corr,0.01,0.0001,0.0,0.023273880627864334,1e-07,3,0.36662180117696697
3065,ring,corr,0.01,0.0001,0.0,0.023273880627864334,1e-07,3,0.3664701267384768
3070,ring,corr,0.01,0.0001,0.0,0.023273880627864334,1e-07,3,0.36643086380156853
3075,ring,corr,0.01,0.0001,0.0,0.023273880627864334,1e-07,3,0.3664896451230978
3080,ring,corr,0.01,0.0001,0.0,0.023273880627864334,1e-07,3,0.3666047423611466
3085,ring,corr,0.01,0.0001,0.0,0.023273880627864334,1e-07,3,0.36628183545527937
3090,ring,corr,0.01,0.0001,0.0,0.023273880627864334,1e-07,3,0.36655664789882236
3095,ring,corr,0.01,0.0001,0.0,0.023273880627864334,1e-07,3,0.36639222245172975
3100,ring,corr,0.01,0.0001,0.0,0.023273880627864334,1e-07,3,0.366411006705052
3105,ring,corr,0.01,0.0001,0.0,0.023273880627864334,1e-07,3,0.3663648255638865
3110,ring,corr,0.01,0.0001,0.0,0.023273880627864334,1e-07,3,0.3664115342536861
3115,ring,corr,0.01,0.0001,0.0,0.023273880627864334,1e-07,3,0.3664097120102069
3120,ring,corr,0.01,0.0001,0.0,0.023273880627864334,1e-07,3,0.36662421503069076
3125,ring,corr,0.01,0.0001,0.0,0.023273880627864334,1e-07,3,0.36633500987167944
3130,ring,corr,0.01,0.0001,0.0,0.023273880627864334,1e-07,3,0.36630826747382483
3135,ring,corr,0.01,0.0001,0.0,0.023273880627864334,1e-07,3,0.3663604034672241
3140,ring,corr,0.01,0.0001,0.0,0.023273880627864334,1e-07,3,0.3666726035419382
3145,ring,corr,0.01,0.0001,0.0,0.023273880627864334,1e-07,3,0.3664354791893426
3150,ring,corr,0.01,0.0001,0.0,0.023273880627864334,1e-07,3,0.3663799465618647
3155,ring,corr,0.01,0.0001,0.0,0.023273880627864334,1e-07,3,0.3664730765145364
3160,ring,corr,0.01,0.0001,0.0,0.023273880627864334,1e-07,3,0.366439698186093
3165,ring,corr,0.01,0.0001,0.0,0.023273880627864334,1e-07,3,0.36657178125336365
3170,ring,corr,0.01,0.0001,0.0,0.023273880627864334,1e-07,3,0.36636816775629844
3175,ring,corr,0.01,0.0001,0.0,0.023273880627864334,1e-07,3,0.3665020368955818
3180,ring,corr,0.01,0.0001,0.0,0.023273880627864334,1e-07,3,0.36632599388845977
3185,ring,corr,0.01,0.0001,0.0,0.023273880627864334,1e-07,3,0.36641807107520863
3190,ring,corr,0.01,0.0001,0.0,0.023273880627864334,1e-07,3,0.36657181017144247
3195,ring,corr,0.01,0.0001,0.0,0.023273880627864334,1e-07,3,0.36648614427118587
3200,ring,corr,0.01,0.0001,0.0,0.023273880627864334,1e-07,3,0.36631247795247324
3205,ring,corr,0.01,0.0001,0.0,0.023273880627864334,1e-07,3,0.366342909912761
3210,ring,corr,0.01,0.0001,0.0,0.023273880627864334,1e-07,3,0.3663244988199976
3215,ring,corr,0.01,0.0001,0.0,0.023273880627864334,1e-07,3,0.3663012827280938
3220,ring,corr,0.01,0.0001,0.0,0.023273880627864334,1e-07,3,0.36605034089838484
3225,ring,corr,0.01,0.0001,0.0,0.023273880627864334,1e-07,3,0.36610414371820177
3230,ring,corr,0.01,0.0001,0.0,0.023273880627864334,1e-07,3,0.3659629888614644
3235,ring,corr,0.01,0.0001,0.0,0.023273880627864334,1e-07,3,0.36599063302645973
3240,ring,corr,0.01,0.0001,0.0,0.023273880627864334,1e-07,3,0.36604724852203485
3245,ring,corr,0.01,0.0001,0.0,0.023273880627864334,1e-07,3,0.36631749534992075
3250,ring,corr,0.01,0.0001,0.0,0.023273880627864334,1e-07,3,0.3661802050627768
3255,ring,corr,0.01,0.0001,0.0,0.023273880627864334,1e-07,3,0.3657229300655793
3260,ring,corr,0.01,0.0001,0.0,0.023273880627864334,1e-07,3,0.36602837601870064
3265,ring,corr,0.01,0.0001,0.0,0.023273880627864334,1e-07,3,0.36582420641447555
3270,ring,corr,0.01,0.0001,0.0,0.023273880627864334,1e-07,3,0.36569155035605805
3275,ring,corr,0.01,0.0001,0.0,0.023273880627864334,1e-07,3,0.36601335169335125
3280,ring,corr,0.01,0.0001,0.0,0.023273880627864334,1e-07,3,0.3657296201120547
3285,ring,corr,0.01,0.0001,0.0,0.023273880627864334,1e-07,3,0.36561468478511705
3290,ring,corr,0.01,0.0001,0.0,0.023273880627864334,1e-07,3,0.3655334909231619
3295,ring,corr,0.01,0.0001,0.0,0.023273880627864334,1e-07,3,0.3654952821703361
3300,ring,corr,0.01,0.0001,0.0,0.023273880627864334,1e-07,3,0.3652651579791223
3305,ring,corr,0.01,0.0001,0.0,0.023273880627864334,1e-07,3,0.36482306643604934
3310,ring,corr,0.01,0.0001,0.0,0.023273880627864334,1e-07,3,0.3655452158432696
3315,ring,corr,0.01,0.0001,0.0,0.023273880627864334,1e-07,3,0.36508415491213453
3320,ring,corr,0.01,0.0001,0.0,0.023273880627864334,1e-07,3,0.3652118391230852
3325,ring,corr,0.01,0.0001,0.0,0.023273880627864334,1e-07,3,0.36513968156062493
3330,ring,corr,0.01,0.0001,0.0,0.023273880627864334,1e-07,3,0.36512266855970277
3335,ring,corr,0.01,0.0001,0.0,0.023273880627864334,1e-07,3,0.3650882534518237
3340,ring,corr,0.01,0.0001,0.0,0.023273880627864334,1e-07,3,0.3650766785698668
3345,ring,corr,0.01,0.0001,0.0,0.023273880627864334,1e-07,3,0.36512814665869375
3350,ring,corr,0.01,0.0001,0.0,0.023273880627864334,1e-07,3,0.36504132786575805
3355,ring,corr,0.01,0.0001,0.0,0.023273880627864334,1e-07,3,0.3652234547115958
3360,ring,corr,0.01,0.0001,0.0,0.023273880627864334,1e-07,3,0.36491136170083005
3365,ring,corr,0.01,0.0001,0.0,0.023273880627864334,1e-07,3,0.36491338666272644
3370,ring,corr,0.01,0.0001,0.0,0.023273880627864334,1e-07,3,0.364997852616442
3375,ring,corr,0.01,0.0001,0.0,0.023273880627864334,1e-07,3,0.36499101423198377
3380,ring,corr,0.01,0.0001,0.0,0.023273880627864334,1e-07,3,0.36498653133634473
3385,ring,corr,0.01,0.0001,0.0,0.023273880627864334,1e-07,3,0.36476463686447713
3390,ring,corr,0.01,0.0001,0.0,0.023273880627864334,1e-07,3,0.3650472209152148
3395,ring,corr,0.01,0.0001,0.0,0.023273880627864334,1e-07,3,0.36478849973239014
3400,ring,corr,0.01,0.0001,0.0,0.023273880627864334,1e-07,3,0.3647620244046892
3405,ring,corr,0.01,0.0001,0.0,0.023273880627864334,1e-07,3,0.36499219686206863
3410,ring,corr,0.01,0.0001,0.0,0.023273880627864334,1e-07,3,0.3649060230820025
3415,ring,corr,0.01,0.0001,0.0,0.023273880627864334,1e-07,3,0.3651564574136442
3420,ring,corr,0.01,0.0001,0.0,0.023273880627864334,1e-07,3,0.36486731578314524
3425,ring,corr,0.01,0.0001,0.0,0.023273880627864334,1e-07,3,0.36483166519852583
3430,ring,corr,0.01,0.0001,0.0,0.023273880627864334,1e-07,3,0.36488531844374605
3435,ring,corr,0.01,0.0001,0.0,0.023273880627864334,1e-07,3,0.3649028228192477
3440,ring,corr,0.01,0.0001,0.0,0.023273880627864334,1e-07,3,0.3648799871263162
3445,ring,corr,0.01,0.0001,0.0,0.023273880627864334,1e-07,3,0.3648380483775516
3450,ring,corr,0.01,0.0001,0.0,0.023273880627864334,1e-07,3,0.36499832543940036
3455,ring,corr,0.01,0.0001,0.0,0.023273880627864334,1e-07,3,0.3648486153943048
3460,ring,corr,0.01,0.0001,0.0,0.023273880627864334,1e-07,3,0.365105098903695
3465,ring,corr,0.01,0.0001,0.0,0.023273880627864334,1e-07,3,0.36505960976618856
3470,ring,corr,0.01,0.0001,0.0,0.023273880627864334,1e-07,3,0.36468065625745727
3475,ring,corr,0.01,0.0001,0.0,0.023273880627864334,1e-07,3,0.36496070719603335
3480,ring,corr,0.01,0.0001,0.0,0.023273880627864334,1e-07,3,0.364776425958925
3485,ring,corr,0.01,0.0001,0.0,0.023273880627864334,1e-07,3,0.36509179412739734
3490,ring,corr,0.01,0.0001,0.0,0.023273880627864334,1e-07,3,0.36498109265002976
3495,ring,corr,0.01,0.0001,0.0,0.023273880627864334,1e-07,3,0.36486938225556875
3500,ring,corr,0.01,0.0001,0.0,0.023273880627864334,1e-07,3,0.3649155941328962
3505,ring,corr,0.01,0.0001,0.0,0.023273880627864334,1e-07,3,0.3649851067868932
3510,ring,corr,0.01,0.0001,0.0,0.023273880627864334,1e-07,3,0.3649511051161042
3515,ring,corr,0.01,0.0001,0.0,0.023273880627864334,1e-07,3,0.3648756209008067
3520,ring,corr,0.01,0.0001,0.0,0.023273880627864334,1e-07,3,0.36506773014638716
3525,ring,corr,0.01,0.0001,0.0,0.023273880627864334,1e-07,3,0.36490005899807076
3530,ring,corr,0.01,0.0001,0.0,0.023273880627864334,1e-07,3,0.3649157354547088
3535,ring,corr,0.01,0.0001,0.0,0.023273880627864334,1e-07,3,0.36492529318067923
3540,ring,corr,0.01,0.0001,0.0,0.023273880627864334,1e-07,3,0.365022437960139
3545,ring,corr,0.01,0.0001,0.0,0.023273880627864334,1e-07,3,0.3650814043978896
3550,ring,corr,0.01,0.0001,0.0,0.023273880627864334,1e-07,3,0.3651571265165392
3555,ring,corr,0.01,0.0001,0.0,0.023273880627864334,1e-07,3,0.3652085974604389
3560,ring,corr,0.01,0.0001,0.0,0.023273880627864334,1e-07,3,0.3653604781841464
3565,ring,corr,0.01,0.0001,0.0,0.023273880627864334,1e-07,3,0.36517251621114755
3570,ring,corr,0.01,0.0001,0.0,0.023273880627864334,1e-07,3,0.3649081109078598
3575,ring,corr,0.01,0.0001,0.0,0.023273880627864334,1e-07,3,0.3650588510265005
3580,ring,corr,0.01,0.0001,0.0,0.023273880627864334,1e-07,3,0.3650626633648859
3585,ring,corr,0.01,0.0001,0.0,0.023273880627864334,1e-07,3,0.36484573625395467
3590,ring,corr,0.01,0.0001,0.0,0.023273880627864334,1e-07,3,0.3650233153277467
3595,ring,corr,0.01,0.0001,0.0,0.023273880627864334,1e-07,3,0.36512580978938713
3600,ring,corr,0.01,0.0001,0.0,0.023273880627864334,1e-07,3,0.36515022565752686
3605,ring,corr,0.01,0.0001,0.0,0.023273880627864334,1e-07,3,0.3648342909572335
3610,ring,corr,0.01,0.0001,0.0,0.023273880627864334,1e-07,3,0.3651117352192136
3615,ring,corr,0.01,0.0001,0.0,0.023273880627864334,1e-07,3,0.36475803189790035
3620,ring,corr,0.01,0.0001,0.0,0.023273880627864334,1e-07,3,0.3647534269637034
3625,ring,corr,0.01,0.0001,0.0,0.023273880627864334,1e-07,3,0.36470255770641513
3630,ring,corr,0.01,0.0001,0.0,0.023273880627864334,1e-07,3,0.36472981459833376
3635,ring,corr,0.01,0.0001,0.0,0.023273880627864334,1e-07,3,0.3643735351234707
3640,ring,corr,0.01,0.0001,0.0,0.023273880627864334,1e-07,3,0.3642936818088236
3645,ring,corr,0.01,0.0001,0.0,0.023273880627864334,1e-07,3,0.3645343407499584
3650,ring,corr,0.01,0.0001,0.0,0.023273880627864334,1e-07,3,0.3640618683875917
3655,ring,corr,0.01,0.0001,0.0,0.023273880627864334,1e-07,3,0.3644926313610757
3660,ring,corr,0.01,0.0001,0.0,0.023273880627864334,1e-07,3,0.3644370498084709
3665,ring,corr,0.01,0.0001,0.0,0.023273880627864334,1e-07,3,0.36423773826103933
3670,ring,corr,0.01,0.0001,0.0,0.023273880627864334,1e-07,3,0.36456411765749885
3675,ring,corr,0.01,0.0001,0.0,0.023273880627864334,1e-07,3,0.36444538988918407
3680,ring,corr,0.01,0.0001,0.0,0.023273880627864334,1e-07,3,0.36435839204571285
3685,ring,corr,0.01,0.0001,0.0,0.023273880627864334,1e-07,3,0.36475993937157836
3690,ring,corr,0.01,0.0001,0.0,0.023273880627864334,1e-07,3,0.36427022433659717
3695,ring,corr,0.01,0.0001,0.0,0.023273880627864334,1e-07,3,0.36443199744681454
3700,ring,corr,0.01,0.0001,0.0,0.023273880627864334,1e-07,3,0.36409820331852083
3705,ring,corr,0.01,0.0001,0.0,0.023273880627864334,1e-07,3,0.36390600911998205
3710,ring,corr,0.01,0.0001,0.0,0.023273880627864334,1e-07,3,0.36409679644955806
3715,ring,corr,0.01,0.0001,0.0,0.023273880627864334,1e-07,3,0.36417211373700753
3720,ring,corr,0.01,0.0001,0.0,0.023273880627864334,1e-07,3,0.36432245119565343
3725,ring,corr,0.01,0.0001,0.0,0.023273880627864334,1e-07,3,0.36431171840278975
3730,ring,corr,0.01,0.0001,0.0,0.023273880627864334,1e-07,3,0.3641429725417523
3735,ring,corr,0.01,0.0001,0.0,0.023273880627864334,1e-07,3,0.3639849076812335
3740,ring,corr,0.01,0.0001,0.0,0.023273880627864334,1e-07,3,0.36380711033200497
3745,ring,corr,0.01,0.0001,0.0,0.023273880627864334,1e-07,3,0.36411440021226005
3750,ring,corr,0.01,0.0001,0.0,0.023273880627864334,1e-07,3,0.3641625861858131
3755,ring,corr,0.01,0.0001,0.0,0.023273880627864334,1e-07,3,0.3640794274425845
3760,ring,corr,0.01,0.0001,0.0,0.023273880627864334,1e-07,3,0.3640042936216331
3765,ring,corr,0.01,0.0001,0.0,0.023273880627864334,1e-07,3,0.36420325633292194
3770,ring,corr,0.01,0.0001,0.0,0.023273880627864334,1e-07,3,0.36408765276462385
3775,ring,corr,0.01,0.0001,0.0,0.023273880627864334,1e-07,3,0.36415140108308264
3780,ring,corr,0.01,0.0001,0.0,0.023273880627864334,1e-07,3,0.36410713035784714
3785,ring,corr,0.01,0.0001,0.0,0.023273880627864334,1e-07,3,0.3641684253835231
3790,ring,corr,0.01,0.0001,0.0,0.023273880627864334,1e-07,3,0.3642730327123268
3795,ring,corr,0.01,0.0001,0.0,0.023273880627864334,1e-07,3,0.3639584864496527
3800,ring,corr,0.01,0.0001,0.0,0.023273880627864334,1e-07,3,0.3640184222527021
3805,ring,corr,0.01,0.0001,0.0,0.023273880627864334,1e-07,3,0.36410265901176586
3810,ring,corr,0.01,0.0001,0.0,0.023273880627864334,1e-07,3,0.36411072372765707
3815,ring,corr,0.01,0.0001,0.0,0.023273880627864334,1e-07,3,0.3642688157830156
3820,ring,corr,0.01,0.0001,0.0,0.023273880627864334,1e-07,3,0.36418381276337985
3825,ring,corr,0.01,0.0001,0.0,0.023273880627864334,1e-07,3,0.36433030412043155
3830,ring,corr,0.01,0.0001,0.0,0.023273880627864334,1e-07,3,0.364171254709312
3835,ring,corr,0.01,0.0001,0.0,0.023273880627864334,1e-07,3,0.3640729128315595
3840,ring,corr,0.01,0.0001,0.0,0.023273880627864334,1e-07,3,0.36403199998744185
3845,ring,corr,0.01,0.0001,0.0,0.023273880627864334,1e-07,3,0.3642463967811096
3850,ring,corr,0.01,0.0001,0.0,0.023273880627864334,1e-07,3,0.3641118169963993
3855,ring,corr,0.01,0.0001,0.0,0.023273880627864334,1e-07,3,0.3641643694084019
3860,ring,corr,0.01,0.0001,0.0,0.023273880627864334,1e-07,3,0.36410579206168325
3865,ring,corr,0.01,0.0001,0.0,0.023273880627864334,1e-07,3,0.3640614698241389
3870,ring,corr,0.01,0.0001,0.0,0.023273880627864334,1e-07,3,0.3638148946166879
3875,ring,corr,0.01,0.0001,0.0,0.023273880627864334,1e-07,3,0.36401093218250447
3880,ring,corr,0.01,0.0001,0.0,0.023273880627864334,1e-07,3,0.36402188959005943
3885,ring,corr,0.01,0.0001,0.0,0.023273880627864334,1e-07,3,0.3640911815723873
3890,ring,corr,0.01,0.0001,0.0,0.023273880627864334,1e-07,3,0.3640926168030614
3895,ring,corr,0.01,0.0001,0.0,0.023273880627864334,1e-07,3,0.36436257045897313
3900,ring,corr,0.01,0.0001,0.0,0.023273880627864334,1e-07,3,0.36425735160166817
3905,ring,corr,0.01,0.0001,0.0,0.023273880627864334,1e-07,3,0.3642957334580359
3910,ring,corr,0.01,0.0001,0.0,0.023273880627864334,1e-07,3,0.36415598529858995
3915,ring,corr,0.01,0.0001,0.0,0.023273880627864334,1e-07,3,0.36415130359204917
3920,ring,corr,0.01,0.0001,0.0,0.023273880627864334,1e-07,3,0.3640156687193896
3925,ring,corr,0.01,0.0001,0.0,0.023273880627864334,1e-07,3,0.3639026920223817
3930,ring,corr,0.01,0.0001,0.0,0.023273880627864334,1e-07,3,0.36406580139261313
3935,ring,corr,0.01,0.0001,0.0,0.023273880627864334,1e-07,3,0.3640011922907854
3940,ring,corr,0.01,0.0001,0.0,0.023273880627864334,1e-07,3,0.36374952686886297
3945,ring,corr,0.01,0.0001,0.0,0.023273880627864334,1e-07,3,0.3640997035914125
3950,ring,corr,0.01,0.0001,0.0,0.023273880627864334,1e-07,3,0.36417157725211613
3955,ring,corr,0.01,0.0001,0.0,0.023273880627864334,1e-07,3,0.36409289475589346
3960,ring,corr,0.01,0.0001,0.0,0.023273880627864334,1e-07,3,0.3641296818852401
3965,ring,corr,0.01,0.0001,0.0,0.023273880627864334,1e-07,3,0.3638636929492661
3970,ring,corr,0.01,0.0001,0.0,0.023273880627864334,1e-07,3,0.36386522829413626
3975,ring,corr,0.01,0.0001,0.0,0.023273880627864334,1e-07,3,0.3639874115370678
3980,ring,corr,0.01,0.0001,0.0,0.023273880627864334,1e-07,3,0.36406832660522503
3985,ring,corr,0.01,0.0001,0.0,0.023273880627864334,1e-07,3,0.3643373589896718
3990,ring,corr,0.01,0.0001,0.0,0.023273880627864334,1e-07,3,0.3637571664051371
3995,ring,corr,0.01,0.0001,0.0,0.023273880627864334,1e-07,3,0.3638683013681977
4000,ring,corr,0.01,0.0001,0.0,0.023273880627864334,1e-07,3,0.36383402413751265
4005,ring,corr,0.01,0.0001,0.0,0.023273880627864334,1e-07,3,0.3636820026718154
4010,ring,corr,0.01,0.0001,0.0,0.023273880627864334,1e-07,3,0.3639065020115777
4015,ring,corr,0.01,0.0001,0.0,0.023273880627864334,1e-07,3,0.36362068129011704
4020,ring,corr,0.01,0.0001,0.0,0.023273880627864334,1e-07,3,0.3638353650273817
4025,ring,corr,0.01,0.0001,0.0,0.023273880627864334,1e-07,3,0.3637920644868594
4030,ring,corr,0.01,0.0001,0.0,0.023273880627864334,1e-07,3,0.3638034457001278
4035,ring,corr,0.01,0.0001,0.0,0.023273880627864334,1e-07,3,0.36378281186708183
4040,ring,corr,0.01,0.0001,0.0,0.023273880627864334,1e-07,3,0.3639279356381505
4045,ring,corr,0.01,0.0001,0.0,0.023273880627864334,1e-07,3,0.363910601324991
4050,ring,corr,0.01,0.0001,0.0,0.023273880627864334,1e-07,3,0.36374949825924263
4055,ring,corr,0.01,0.0001,0.0,0.023273880627864334,1e-07,3,0.3637413745556326
4060,ring,corr,0.01,0.0001,0.0,0.023273880627864334,1e-07,3,0.36365534269995836
4065,ring,corr,0.01,0.0001,0.0,0.023273880627864334,1e-07,3,0.3637929075383006
4070,ring,corr,0.01,0.0001,0.0,0.023273880627864334,1e-07,3,0.3634382592251869
4075,ring,corr,0.01,0.0001,0.0,0.023273880627864334,1e-07,3,0.36344987490684466
4080,ring,corr,0.01,0.0001,0.0,0.023273880627864334,1e-07,3,0.36357377878587516
4085,ring,corr,0.01,0.0001,0.0,0.023273880627864334,1e-07,3,0.36324984405778427
4090,ring,corr,0.01,0.0001,0.0,0.023273880627864334,1e-07,3,0.3634313254915932
4095,ring,corr,0.01,0.0001,0.0,0.023273880627864334,1e-07,3,0.36361848432858634
4100,ring,corr,0.01,0.0001,0.0,0.023273880627864334,1e-07,3,0.36328796294635524
4105,ring,corr,0.01,0.0001,0.0,0.023273880627864334,1e-07,3,0.3634163116742951
4110,ring,corr,0.01,0.0001,0.0,0.023273880627864334,1e-07,3,0.36326419275424826
4115,ring,corr,0.01,0.0001,0.0,0.023273880627864334,1e-07,3,0.36309201414073855
4120,ring,corr,0.01,0.0001,0.0,0.023273880627864334,1e-07,3,0.36336347397878344
4125,ring,corr,0.01,0.0001,0.0,0.023273880627864334,1e-07,3,0.3634348178186212
4130,ring,corr,0.01,0.0001,0.0,0.023273880627864334,1e-07,3,0.3633149730156511
4135,ring,corr,0.01,0.0001,0.0,0.023273880627864334,1e-07,3,0.36353838973877173
4140,ring,corr,0.01,0.0001,0.0,0.023273880627864334,1e-07,3,0.3634468449435768
4145,ring,corr,0.01,0.0001,0.0,0.023273880627864334,1e-07,3,0.36342818480340977
4150,ring,corr,0.01,0.0001,0.0,0.023273880627864334,1e-07,3,0.3635398169512972
4155,ring,corr,0.01,0.0001,0.0,0.023273880627864334,1e-07,3,0.3636029956300899
4160,ring,corr,0.01,0.0001,0.0,0.023273880627864334,1e-07,3,0.3634155353810422
4165,ring,corr,0.01,0.0001,0.0,0.023273880627864334,1e-07,3,0.36363740255435795
4170,ring,corr,0.01,0.0001,0.0,0.023273880627864334,1e-07,3,0.36364771272739105
4175,ring,corr,0.01,0.0001,0.0,0.023273880627864334,1e-07,3,0.36344761153507543
4180,ring,corr,0.01,0.0001,0.0,0.023273880627864334,1e-07,3,0.36342336322133373
4185,ring,corr,0.01,0.0001,0.0,0.023273880627864334,1e-07,3,0.36347018364846617
4190,ring,corr,0.01,0.0001,0.0,0.023273880627864334,1e-07,3,0.3633336633320684
4195,ring,corr,0.01,0.0001,0.0,0.023273880627864334,1e-07,3,0.3636702601605796
4200,ring,corr,0.01,0.0001,0.0,0.023273880627864334,1e-07,3,0.36353125385764784
4205,ring,corr,0.01,0.0001,0.0,0.023273880627864334,1e-07,3,0.36334717298783026
4210,ring,corr,0.01,0.0001,0.0,0.023273880627864334,1e-07,3,0.363066113187705
4215,ring,corr,0.01,0.0001,0.0,0.023273880627864334,1e-07,3,0.36340796532322606
4220,ring,corr,0.01,0.0001,0.0,0.023273880627864334,1e-07,3,0.3634845641252519
4225,ring,corr,0.01,0.0001,0.0,0.023273880627864334,1e-07,3,0.3631149039735333
4230,ring,corr,0.01,0.0001,0.0,0.023273880627864334,1e-07,3,0.3632886798437962
4235,ring,corr,0.01,0.0001,0.0,0.023273880627864334,1e-07,3,0.36310621727362624
4240,ring,corr,0.01,0.0001,0.0,0.023273880627864334,1e-07,3,0.3629669327811933
4245,ring,corr,0.01,0.0001,0.0,0.023273880627864334,1e-07,3,0.362938572902207
4250,ring,corr,0.01,0.0001,0.0,0.023273880627864334,1e-07,3,0.36301737674610357
4255,ring,corr,0.01,0.0001,0.0,0.023273880627864334,1e-07,3,0.3631978882499173
4260,ring,corr,0.01,0.0001,0.0,0.023273880627864334,1e-07,3,0.36311833518722336
4265,ring,corr,0.01,0.0001,0.0,0.023273880627864334,1e-07,3,0.36299828420998015
4270,ring,corr,0.01,0.0001,0.0,0.023273880627864334,1e-07,3,0.36302690799505877
4275,ring,corr,0.01,0.0001,0.0,0.023273880627864334,1e-07,3,0.36278124338647344
4280,ring,corr,0.01,0.0001,0.0,0.023273880627864334,1e-07,3,0.363216633838471
4285,ring,corr,0.01,0.0001,0.0,0.023273880627864334,1e-07,3,0.3631517015197889
4290,ring,corr,0.01,0.0001,0.0,0.023273880627864334,1e-07,3,0.3632461035341136
4295,ring,corr,0.01,0.0001,0.0,0.023273880627864334,1e-07,3,0.36329969313230326
4300,ring,corr,0.01,0.0001,0.0,0.023273880627864334,1e-07,3,0.36328306533535204
4305,ring,corr,0.01,0.0001,0.0,0.023273880627864334,1e-07,3,0.36308381894767694
4310,ring,corr,0.01,0.0001,0.0,0.023273880627864334,1e-07,3,0.3632254007657788
4315,ring,corr,0.01,0.0001,0.0,0.023273880627864334,1e-07,3,0.36320375653861414
4320,ring,corr,0.01,0.0001,0.0,0.023273880627864334,1e-07,3,0.36313712925432573
4325,ring,corr,0.01,0.0001,0.0,0.023273880627864334,1e-07,3,0.3632149872432463
4330,ring,corr,0.01,0.0001,0.0,0.023273880627864334,1e-07,3,0.36327858573748895
4335,ring,corr,0.01,0.0001,0.0,0.023273880627864334,1e-07,3,0.363339701799705
4340,ring,corr,0.01,0.0001,0.0,0.023273880627864334,1e-07,3,0.363453101327073
4345,ring,corr,0.01,0.0001,0.0,0.023273880627864334,1e-07,3,0.3635703504359903
4350,ring,corr,0.01,0.0001,0.0,0.023273880627864334,1e-07,3,0.36323898961088696
4355,ring,corr,0.01,0.0001,0.0,0.023273880627864334,1e-07,3,0.36367738299808927
4360,ring,corr,0.01,0.0001,0.0,0.023273880627864334,1e-07,3,0.36364116354801845
4365,ring,corr,0.01,0.0001,0.0,0.023273880627864334,1e-07,3,0.3632727555080557
4370,ring,corr,0.01,0.0001,0.0,0.023273880627864334,1e-07,3,0.36369893483557714
4375,ring,corr,0.01,0.0001,0.0,0.023273880627864334,1e-07,3,0.363766535891053
4380,ring,corr,0.01,0.0001,0.0,0.023273880627864334,1e-07,3,0.36370005697035357
4385,ring,corr,0.01,0.0001,0.0,0.023273880627864334,1e-07,3,0.363839179453074
4390,ring,corr,0.01,0.0001,0.0,0.023273880627864334,1e-07,3,0.36345372286078004
4395,ring,corr,0.01,0.0001,0.0,0.023273880627864334,1e-07,3,0.36360167855101067
4400,ring,corr,0.01,0.0001,0.0,0.023273880627864334,1e-07,3,0.36380660654819796
4405,ring,corr,0.01,0.0001,0.0,0.023273880627864334,1e-07,3,0.36383118238990353
4410,ring,corr,0.01,0.0001,0.0,0.023273880627864334,1e-07,3,0.36368767400356394
4415,ring,corr,0.01,0.0001,0.0,0.023273880627864334,1e-07,3,0.36351465118229853
4420,ring,corr,0.01,0.0001,0.0,0.023273880627864334,1e-07,3,0.36389407639521065
4425,ring,corr,0.01,0.0001,0.0,0.023273880627864334,1e-07,3,0.36351209731349055
4430,ring,corr,0.01,0.0001,0.0,0.023273880627864334,1e-07,3,0.36344098315608475
4435,ring,corr,0.01,0.0001,0.0,0.023273880627864334,1e-07,3,0.36357204721620306
4440,ring,corr,0.01,0.0001,0.0,0.023273880627864334,1e-07,3,0.3634113916858708
4445,ring,corr,0.01,0.0001,0.0,0.023273880627864334,1e-07,3,0.3634828010848056
4450,ring,corr,0.01,0.0001,0.0,0.023273880627864334,1e-07,3,0.36363192043963777
4455,ring,corr,0.01,0.0001,0.0,0.023273880627864334,1e-07,3,0.3636786293787486
4460,ring,corr,0.01,0.0001,0.0,0.023273880627864334,1e-07,3,0.36370431722035723
4465,ring,corr,0.01,0.0001,0.0,0.023273880627864334,1e-07,3,0.36366609849458165
4470,ring,corr,0.01,0.0001,0.0,0.023273880627864334,1e-07,3,0.3638271862963256
4475,ring,corr,0.01,0.0001,0.0,0.023273880627864334,1e-07,3,0.3636108765622834
4480,ring,corr,0.01,0.0001,0.0,0.023273880627864334,1e-07,3,0.3638282598314516
4485,ring,corr,0.01,0.0001,0.0,0.023273880627864334,1e-07,3,0.3638260053470882
4490,ring,corr,0.01,0.0001,0.0,0.023273880627864334,1e-07,3,0.3638088853178767
4495,ring,corr,0.01,0.0001,0.0,0.023273880627864334,1e-07,3,0.3636754043500322
4500,ring,corr,0.01,0.0001,0.0,0.023273880627864334,1e-07,3,0.36370933070371747
4505,ring,corr,0.01,0.0001,0.0,0.023273880627864334,1e-07,3,0.36342312232173646
4510,ring,corr,0.01,0.0001,0.0,0.023273880627864334,1e-07,3,0.36351520901418166
4515,ring,corr,0.01,0.0001,0.0,0.023273880627864334,1e-07,3,0.36346281625054366
4520,ring,corr,0.01,0.0001,0.0,0.023273880627864334,1e-07,3,0.36343959929295444
4525,ring,corr,0.01,0.0001,0.0,0.023273880627864334,1e-07,3,0.3635275888381684
4530,ring,corr,0.01,0.0001,0.0,0.023273880627864334,1e-07,3,0.3633408974767883
4535,ring,corr,0.01,0.0001,0.0,0.023273880627864334,1e-07,3,0.3632090131507534
4540,ring,corr,0.01,0.0001,0.0,0.023273880627864334,1e-07,3,0.363490152463789
4545,ring,corr,0.01,0.0001,0.0,0.023273880627864334,1e-07,3,0.36331606055726196
4550,ring,corr,0.01,0.0001,0.0,0.023273880627864334,1e-07,3,0.3634945096790616
4555,ring,corr,0.01,0.0001,0.0,0.023273880627864334,1e-07,3,0.3635965099491376
4560,ring,corr,0.01,0.0001,0.0,0.023273880627864334,1e-07,3,0.3634057266032842
4565,ring,corr,0.01,0.0001,0.0,0.023273880627864334,1e-07,3,0.36375642937313457
4570,ring,corr,0.01,0.0001,0.0,0.023273880627864334,1e-07,3,0.36360107063511193
4575,ring,corr,0.01,0.0001,0.0,0.023273880627864334,1e-07,3,0.36372469307023436
4580,ring,corr,0.01,0.0001,0.0,0.023273880627864334,1e-07,3,0.3634471454540702
4585,ring,corr,0.01,0.0001,0.0,0.023273880627864334,1e-07,3,0.3637309515654801
4590,ring,corr,0.01,0.0001,0.0,0.023273880627864334,1e-07,3,0.36368550846900394
4595,ring,corr,0.01,0.0001,0.0,0.023273880627864334,1e-07,3,0.3634886091424444
4600,ring,corr,0.01,0.0001,0.0,0.023273880627864334,1e-07,3,0.3634219776586829
4605,ring,corr,0.01,0.0001,0.0,0.023273880627864334,1e-07,3,0.36333634782640856
4610,ring,corr,0.01,0.0001,0.0,0.023273880627864334,1e-07,3,0.3633586061119859
4615,ring,corr,0.01,0.0001,0.0,0.023273880627864334,1e-07,3,0.36319853115400724
4620,ring,corr,0.01,0.0001,0.0,0.023273880627864334,1e-07,3,0.36306175820544895
4625,ring,corr,0.01,0.0001,0.0,0.023273880627864334,1e-07,3,0.3632607609848192
4630,ring,corr,0.01,0.0001,0.0,0.023273880627864334,1e-07,3,0.36325636856471244
4635,ring,corr,0.01,0.0001,0.0,0.023273880627864334,1e-07,3,0.36347295773074106
4640,ring,corr,0.01,0.0001,0.0,0.023273880627864334,1e-07,3,0.36334824769474117
4645,ring,corr,0.01,0.0001,0.0,0.023273880627864334,1e-07,3,0.36342869824100865
4650,ring,corr,0.01,0.0001,0.0,0.023273880627864334,1e-07,3,0.36341873724219753
4655,ring,corr,0.01,0.0001,0.0,0.023273880627864334,1e-07,3,0.3632930130751355
4660,ring,corr,0.01,0.0001,0.0,0.023273880627864334,1e-07,3,0.3635475463191542
4665,ring,corr,0.01,0.0001,0.0,0.023273880627864334,1e-07,3,0.36341526285355696
4670,ring,corr,0.01,0.0001,0.0,0.023273880627864334,1e-07,3,0.3632379729977194
4675,ring,corr,0.01,0.0001,0.0,0.023273880627864334,1e-07,3,0.36321416234851234
4680,ring,corr,0.01,0.0001,0.0,0.023273880627864334,1e-07,3,0.36299541434953364
4685,ring,corr,0.01,0.0001,0.0,0.023273880627864334,1e-07,3,0.3633750359721869
4690,ring,corr,0.01,0.0001,0.0,0.023273880627864334,1e-07,3,0.36303176962062733
4695,ring,corr,0.01,0.0001,0.0,0.023273880627864334,1e-07,3,0.3634424301722906
4700,ring,corr,0.01,0.0001,0.0,0.023273880627864334,1e-07,3,0.3631376993438047
4705,ring,corr,0.01,0.0001,0.0,0.023273880627864334,1e-07,3,0.36333846323085905
4710,ring,corr,0.01,0.0001,0.0,0.023273880627864334,1e-07,3,0.36338600142468636
4715,ring,corr,0.01,0.0001,0.0,0.023273880627864334,1e-07,3,0.36359043894035015
4720,ring,corr,0.01,0.0001,0.0,0.023273880627864334,1e-07,3,0.3635375769009408
4725,ring,corr,0.01,0.0001,0.0,0.023273880627864334,1e-07,3,0.36354790765984946
4730,ring,corr,0.01,0.0001,0.0,0.023273880627864334,1e-07,3,0.363326294162445
4735,ring,corr,0.01,0.0001,0.0,0.023273880627864334,1e-07,3,0.3638178407982098
4740,ring,corr,0.01,0.0001,0.0,0.023273880627864334,1e-07,3,0.3636609457406542
4745,ring,corr,0.01,0.0001,0.0,0.023273880627864334,1e-07,3,0.3636096580582805
4750,ring,corr,0.01,0.0001,0.0,0.023273880627864334,1e-07,3,0.36389421310014414
4755,ring,corr,0.01,0.0001,0.0,0.023273880627864334,1e-07,3,0.36364840582442204
4760,ring,corr,0.01,0.0001,0.0,0.023273880627864334,1e-07,3,0.36375540016156116
4765,ring,corr,0.01,0.0001,0.0,0.023273880627864334,1e-07,3,0.36394010564618184
4770,ring,corr,0.01,0.0001,0.0,0.023273880627864334,1e-07,3,0.3634124974600176
4775,ring,corr,0.01,0.0001,0.0,0.023273880627864334,1e-07,3,0.36381707184988055
4780,ring,corr,0.01,0.0001,0.0,0.023273880627864334,1e-07,3,0.3637938231849537
4785,ring,corr,0.01,0.0001,0.0,0.023273880627864334,1e-07,3,0.36393296459968805
4790,ring,corr,0.01,0.0001,0.0,0.023273880627864334,1e-07,3,0.36410807275269963
4795,ring,corr,0.01,0.0001,0.0,0.023273880627864334,1e-07,3,0.3637181982116594
4800,ring,corr,0.01,0.0001,0.0,0.023273880627864334,1e-07,3,0.364069921637867
4805,ring,corr,0.01,0.0001,0.0,0.023273880627864334,1e-07,3,0.3641484811472111
4810,ring,corr,0.01,0.0001,0.0,0.023273880627864334,1e-07,3,0.3639300377533099
4815,ring,corr,0.01,0.0001,0.0,0.023273880627864334,1e-07,3,0.363855516895506
4820,ring,corr,0.01,0.0001,0.0,0.023273880627864334,1e-07,3,0.36402000127268974
4825,ring,corr,0.01,0.0001,0.0,0.023273880627864334,1e-07,3,0.36405198428077556
4830,ring,corr,0.01,0.0001,0.0,0.023273880627864334,1e-07,3,0.36401226309602897
4835,ring,corr,0.01,0.0001,0.0,0.023273880627864334,1e-07,3,0.36396628689692123
4840,ring,corr,0.01,0.0001,0.0,0.023273880627864334,1e-07,3,0.36425792695245274
4845,ring,corr,0.01,0.0001,0.0,0.023273880627864334,1e-07,3,0.3642996397929499
4850,ring,corr,0.01,0.0001,0.0,0.023273880627864334,1e-07,3,0.3638850572000557
4855,ring,corr,0.01,0.0001,0.0,0.023273880627864334,1e-07,3,0.36403231911595013
4860,ring,corr,0.01,0.0001,0.0,0.023273880627864334,1e-07,3,0.3637808586878485
4865,ring,corr,0.01,0.0001,0.0,0.023273880627864334,1e-07,3,0.36391079189002595
4870,ring,corr,0.01,0.0001,0.0,0.023273880627864334,1e-07,3,0.36357860230718897
4875,ring,corr,0.01,0.0001,0.0,0.023273880627864334,1e-07,3,0.36326803702805666
4880,ring,corr,0.01,0.0001,0.0,0.023273880627864334,1e-07,3,0.36362262323393957
4885,ring,corr,0.01,0.0001,0.0,0.023273880627864334,1e-07,3,0.36338579546951766
4890,ring,corr,0.01,0.0001,0.0,0.023273880627864334,1e-07,3,0.3633224818355324
4895,ring,corr,0.01,0.0001,0.0,0.023273880627864334,1e-07,3,0.36355685869724985
4900,ring,corr,0.01,0.0001,0.0,0.023273880627864334,1e-07,3,0.3634079414207454
4905,ring,corr,0.01,0.0001,0.0,0.023273880627864334,1e-07,3,0.3637295124758726
4910,ring,corr,0.01,0.0001,0.0,0.023273880627864334,1e-07,3,0.363558715879446
4915,ring,corr,0.01,0.0001,0.0,0.023273880627864334,1e-07,3,0.36331959631440125
4920,ring,corr,0.01,0.0001,0.0,0.023273880627864334,1e-07,3,0.36307507917844495
4925,ring,corr,0.01,0.0001,0.0,0.023273880627864334,1e-07,3,0.3632834384203907
4930,ring,corr,0.01,0.0001,0.0,0.023273880627864334,1e-07,3,0.3633982346810919
4935,ring,corr,0.01,0.0001,0.0,0.023273880627864334,1e-07,3,0.36328831007970863
4940,ring,corr,0.01,0.0001,0.0,0.023273880627864334,1e-07,3,0.363143660725473
4945,ring,corr,0.01,0.0001,0.0,0.023273880627864334,1e-07,3,0.3633324248338835
4950,ring,corr,0.01,0.0001,0.0,0.023273880627864334,1e-07,3,0.36353517802269375
4955,ring,corr,0.01,0.0001,0.0,0.023273880627864334,1e-07,3,0.3630946284605243
4960,ring,corr,0.01,0.0001,0.0,0.023273880627864334,1e-07,3,0.3635234764069365
4965,ring,corr,0.01,0.0001,0.0,0.023273880627864334,1e-07,3,0.3633899730711553
4970,ring,corr,0.01,0.0001,0.0,0.023273880627864334,1e-07,3,0.3630477266484703
4975,ring,corr,0.01,0.0001,0.0,0.023273880627864334,1e-07,3,0.3630347839881569
4980,ring,corr,0.01,0.0001,0.0,0.023273880627864334,1e-07,3,0.3630884013492852
4985,ring,corr,0.01,0.0001,0.0,0.023273880627864334,1e-07,3,0.3629707370116545
4990,ring,corr,0.01,0.0001,0.0,0.023273880627864334,1e-07,3,0.36285045952193484
4995,ring,corr,0.01,0.0001,0.0,0.023273880627864334,1e-07,3,0.36293118667589497
5000,ring,corr,0.01,0.0001,0.0,0.023273880627864334,1e-07,3,0.36306343025564325
